0.0004907452164523284
1.1506444766711232e-07
7.869575794247361e-05
0.00013990780145142285
3.9003127017226515e-05
0.0001494382551781965
0.0006585915639453079
0.00044350302905814574

7.19664024609087e-06
3.053414658093186e-07
0.0001691141553092752
0.00018806721458900915
0.0005720648532016038
1.2567782627193013e-05
2.359573936960541e-05
0.001027088427976175

4.4779861572105426e-06
1.9546598803700186e-07
0.00019100402243946648
0.00019931150893703537
0.0005213899892070174
1.4365463710745719e-05
1.3890110856383314e-05
0.0010553662000508538

1.1875562257227517e-05
1.0649241584090699e-07
0.00017689113722159984
0.00020264250809150062
0.0005559070834671965
1.07710097736219e-05
1.569354112981945e-05
0.00102611405599593

7.493817736065712e-06
3.822876722492637e-08
0.00019225455997411232
0.00019038151794008757
0.0005228615050171828
1.3847807919240992e-05
2.659279166084132e-05
0.001046528292582039

1.2548764787578594e-05
1.3055027755314304e-06
0.0001915854481476783
0.0001913008102734492
0.0005564576300700345
1.5185016142129606e-05
1.880170714680258e-05
0.001012814567723572

9.720641114917719e-06
5.640768605635574e-07
0.00019028403494406396
0.00020865411978761747
0.0005427402862441482
9.70948975514381e-06
2.4982382885491744e-05
0.0010133440844168362

6.913233557836833e-06
2.3516081523220444e-08
0.00018513368725448534
0.00018841327370199294
0.0005316763972704644
1.1535589598120334e-05
2.337424642409609e-05
0.001052929749134252

1.064603114615579e-05
0.0001413694570457883
0.0004458720108021155
0.0002966933639126555
0.0006240746105651259
0.0002201015237795258
0.00024760387702992605
1.3639242845469568e-05

5.664310933158263e-06
7.272179852559334e-08
0.00019224463869431345
0.00019588666739047273
0.000536699790368617
1.0469334189738253e-05
3.4465200359231243e-05
0.0010244959016787374

0.0006285402224645875
1.1655285605693542e-05
5.8835475319133244e-05
0.0001594148080179257
4.76898364811068e-05
0.00013762251273175623
0.00059521467824425
0.00036102732700230906

1.0787160743294442e-05
6.503781648138314e-07
0.0001999256690685835
0.00021362654232680352
0.0005346689850317907
1.091503102870192e-05
1.1960785535499647e-05
0.0010174653694212787

8.845297838664972e-06
9.742580622472903e-07
0.000189229364213447
0.0001928875699212783
0.0005268408493685031
1.1973781007236169e-05
2.7966597434987928e-05
0.001041283214938381

9.42591941089309e-06
7.993601117932795e-07
0.000180064802181255
0.0002137729841158345
0.0005179523027167152
1.3330178929735723e-05
2.2401247323823274e-05
0.0010422532106307146

1.5757740018517847e-05
1.2352437829559045e-06
0.00020933814110774923
0.0001772267612067952
0.0005207223605145534
1.5230011083217348e-05
2.38724355339955e-05
0.0010366185469209556

0.00015862865755186464
0.0008185626674059549
2.217247187046161e-06
2.1079382710623578e-05
0.0005663714907250346
0.0003955339601807002
5.561749399237659e-06
3.20444858323103e-05

9.485051719694203e-06
1.5029451075283627e-06
0.00018457793961975283
0.0002148256998864911
0.0005149216872321597
1.551617248541554e-05
2.4716647946879417e-05
0.0010344541074768386

8.904984877454835e-06
9.69320430347399e-07
0.00019291365733874937
0.0002013839607170172
0.0005580432899358857
1.546231434450749e-05
2.447578075376291e-05
0.000997846497819044

1.3950178295165468e-05
2.2087815752177977e-07
0.00018186118273083408
0.00021629516394269823
0.0004929609400534055
1.4668076344610364e-05
2.2246153860967742e-05
0.0010577967395855755

5.330487643926401e-06
2.122912756958756e-08
0.00018625135067382512
0.00021000902361414735
0.0005355152035606341
1.0285508529465249e-05
1.50032767838143e-05
0.0010375834869313916

0.000587757818555435
8.979607889941883e-06
4.5238514300806427e-05
9.663199100282334e-05
2.072037202990238e-05
0.00018846729742889762
0.0006444939033811325
0.00040770810374187415

6.823456061657037e-06
9.635496004644003e-08
0.00018681083247048177
0.00018445401370226542
0.0005439870707708703
1.3883444696518469e-05
1.8789686277046295e-05
0.0010451572324418367

4.478175431206706e-06
7.860072040640046e-08
0.00015289786097205435
0.00021956178399646883
0.0005658160602902958
1.3904782040085862e-05
2.6541618663878833e-05
0.0010167208674583732

9.699986109136492e-05
0.0008283672472871709
6.100705676310526e-08
3.257066533164222e-05
0.0006828713974050435
0.0003060936516820683
8.335470559001524e-06
4.4698107125762963e-05

1.204538222778448e-05
1.417248771265823e-08
0.0001935937938429599
0.00020009643677512123
0.0005158963675323984
1.714655658036012e-05
2.2066802752604012e-05
0.0010391398576198368

1.085394822794035e-05
1.5109603613658565e-06
0.00018613784659412636
0.00021846049557079704
0.0005151287296839619
1.55842447420354e-05
1.5258647122636764e-05
0.0010370649559019044

8.447659990726922e-06
1.7713151640872625e-08
0.00021533990195606584
0.0001979865868338977
0.0004981976171072338
1.3786300970488022e-05
1.6441734788650116e-05
0.001049783090788049

0.0004977465346763793
4.2561947937072783e-07
3.734371129287053e-05
0.0001687212397812414
6.145456928203212e-05
0.00017231384775640262
0.000692737461877013
0.0003692566722254622

1.2998523584459903e-05
1.3540807725465304e-06
0.00022068045677578813
0.00019410063174668394
0.0005410329741187634
1.558530403601392e-05
1.3731558921597895e-05
0.0010005154387569318

6.330108838859464e-05
3.5660521076996575e-05
0.0003528100729189107
0.0004956335646392189
0.0005310083961160079
0.0003800367921368994
0.00013868853496614296
2.860402190006439e-06

8.108756387598062e-06
7.894748319936998e-07
0.00019730756492766454
0.0002032375473374364
0.000551808730324289
1.3136907965654216e-05
1.9814432048269967e-05
0.001005795934425872

9.186087781755584e-06
3.7669634436262566e-07
0.0001829931368018841
0.0001917550938742388
0.0005744697868508447
1.4624261945498682e-05
2.1216351601846587e-05
0.0010053761596663829

1.3407030978177575e-05
3.635286406295958e-07
0.00018245511134279242
0.0002013141563684325
0.000508933541299567
1.2046003083771893e-05
1.3842815769342206e-05
0.0010676374496360588

1.418567963439077e-05
1.9004700414686966e-07
0.00019650932388784863
0.00019275219214202308
0.0005213246366323424
9.19015455167313e-06
2.0842694027422346e-05
0.0010450039841109439

8.708304215442463e-06
6.605601666073954e-08
0.00020385772220486267
0.00019252749548857864
0.0005149886670008017
7.022072889630158e-06
2.081820082791894e-05
0.0010520128170088425

5.964722521067532e-06
6.330375071654067e-08
0.00017205798900959008
0.00019301678201465855
0.000556333153170558
1.4457480674880108e-05
2.4809226249002425e-05
0.0010332951060983372

1.3057279735268646e-05
1.7032949434663465e-06
0.0001877815263048014
0.00021411313170893815
0.0005109331115790266
9.525312094877942e-06
1.8440064508134745e-05
0.0010444460238242562

1.0083987893551002e-05
4.4473547898315824e-07
0.00018883461832345033
0.0002143985407911516
0.0004889161067454129
1.2129342506082219e-05
1.6584211105761462e-05
0.0010686079453763825

8.778124822026878e-06
1.5334721689094382e-06
0.00020380664332589823
0.00017920407815870583
0.0005386514073910488
9.695281053431887e-06
1.7202527749225332e-05
0.0010411273648935407

9.167933864123647e-06
1.8568417623532433e-08
0.00019373071172018393
0.00020750712312087244
0.0005217515446216869
1.0945192836090401e-05
2.0452530835332762e-05
0.0010364256127868671

0.0005111818168359843
7.655793644781712e-08
5.3946269356260015e-05
0.00018889853672215438
4.3485953168338936e-05
0.00017938731860499073
0.0006424995280155678
0.0003805251692469977

8.493736275792747e-06
7.041003237246351e-07
0.00018424270671454958
0.00018620008648286443
0.0005154718622070052
9.400124307416077e-06
2.8896079414143043e-05
0.0010665914452572664

1.2461152459354902e-05
1.5170133312431347e-06
0.00019274846682009855
0.0001989316078147377
0.0005464201149715411
8.018844637420993e-06
2.162783976150382e-05
0.001018275788396848

1.2161448635431283e-05
6.88903206032751e-08
0.00019958182517155478
0.00021303474948080193
0.0005370210139121043
1.2314767672322796e-05
1.9998799612531987e-05
0.0010058186274494122

6.166051124985671e-06
1.2665544243210934e-06
0.00019065312113458093
0.00018700403613056474
0.000542982025599247
7.634525157212921e-06
1.9890150846734796e-05
0.0010444026652751354

1.5917918415270294e-05
9.305297811338646e-09
0.0001709440580061746
0.00019579654556829994
0.0005578637078895267
1.6061696124355253e-05
2.523920262628482e-05
0.0010181701873649889

3.1667887135945705e-05
0.00013365276941824122
0.0004557584961376707
0.00044265956872324653
0.0004568819547868931
0.00025396066214904476
0.00022307325315927513
2.3437965304804217e-06

9.810642689092974e-06
1.3215968452051294e-06
0.0002167571269673321
0.00021062515845165545
0.0005100075705417915
1.1257801123752386e-05
2.6101554670800958e-05
0.0010141186805611314

0.0006092512297296643
6.943028339232755e-07
6.851513409888186e-05
0.00011021512276543053
4.4280498334229835e-05
0.00013801206940185806
0.0006577379623466142
0.0003712944593201468

5.709102252250136e-06
7.510476647727958e-08
0.0001681095287596436
0.00017945441041163047
0.0005556730255419418
1.1180806495313425e-05
1.5256900252672183e-05
0.0010645418299388215

1.3660061195047483e-05
6.429779869638673e-08
0.0002104369794854707
0.00018424513484250035
0.000534706212847036
1.2982082714793237e-05
1.4889166746127838e-05
0.0010290156056651024

1.2676777734983181e-05
9.030399836912098e-07
0.00018264363234697022
0.00019674009521116978
0.0005272042894791348
1.2748850941521921e-05
2.4935910694433945e-05
0.0010421463735028808

6.6812174725408716e-06
7.091377856225026e-07
0.00017654988906251853
0.0002011022791307282
0.0005704102486671504
9.758883020142378e-06
2.5907252666740362e-05
0.0010088816947453096

6.375011398749082e-06
6.747668343193604e-07
0.00020181193520634022
0.0001988647524500932
0.00048813720028120496
1.1654064213718304e-05
2.137650247859959e-05
0.0010711034394757873

9.570914463953371e-06
4.3617799115665796e-08
0.00017571658699941337
0.00019200040794926514
0.0005457429122172712
1.1448265695890791e-05
2.7242914489660326e-05
0.0010382347149581882

0.0006357092947032372
7.453228080888652e-06
8.223702179067584e-05
0.0001911202368931103
6.0740064568518424e-05
0.00012071535692054231
0.0005343174529189178
0.00036770628446689576

8.488263045903712e-06
3.757636903815349e-07
0.00018828438473460611
0.0001879261825018685
0.0005450306307497124
1.0747539054097755e-05
2.569100396712472e-05
0.0010334561195350722

1.5320900841374595e-05
8.729513103012461e-07
0.00020239939221842972
0.0001903667087883878
0.0005166991394461225
1.2096656636744914e-05
1.632841314094767e-05
0.001045914964722474

0.0006865857295677368
1.4443200507169636e-07
5.937871406811927e-05
0.00019748349564409768
3.228137157750754e-05
8.733023311741294e-05
0.0005996154222610267
0.0003371830707657422

8.645072856724454e-06
2.45518268822211e-06
0.00018818375925664627
0.00021380175536325118
0.0005162458522613128
1.1162570301683156e-05
2.5024423820639377e-05
0.0010344799982983136

0.0005633635149160202
4.065134029580962e-06
7.919483455635501e-05
0.0001185319074288109
3.189226592139651e-05
7.695513573776404e-05
0.0007051469873854143
0.000420851738035392

4.312604104563601e-06
1.3431744227676523e-06
0.00019145052816841375
0.00017584110082688892
0.0005284022693368462
1.3737857003470203e-05
2.30553449105617e-05
0.0010618587088732207

8.825092479074624e-06
8.478624028099141e-08
0.00020548536828386276
0.0002077868070372019
0.0005150800100689499
1.4096883764191074e-05
2.776593198905635e-05
0.0010208747265041554

0.00010245053572285457
0.0008451377884831546
3.482688249389827e-07
2.2488114432062078e-05
0.0005692508904766558
0.00040614560075755325
9.282016791810659e-07
5.3250202088372526e-05

7.093834128175226e-06
1.8582063823255762e-07
0.00018689763948272187
0.00019975876668796742
0.000552523323269801
8.26872263435481e-06
2.6909215526425946e-05
0.0010183614148751119

1.1236204004190264e-05
1.8103347552961554e-06
0.00020698177580352363
0.0002105927078023134
0.0005043112433772824
1.0881370021384382e-05
1.9400559806661066e-05
0.0010347849590201309

5.920678441960509e-06
3.977327999361196e-07
0.00019563638019554723
0.00021595985883949642
0.0005562846320495418
1.21904741208428e-05
2.238643315412363e-05
0.000991223531921322

8.157476284610289e-06
5.725051103926778e-07
0.00018236813448055581
0.00020463746810905363
0.0005377052292982322
9.97182643982503e-06
2.271134547753616e-05
0.00103387596355056

7.286659052265774e-06
4.410449910579815e-07
0.0001928440948121597
0.00020692258723672367
0.0004922919283409694
8.339861080912505e-06
1.718843370151108e-05
0.0010746835328032025

0.0005515419274596985
4.312604104563601e-06
6.522405016560732e-05
0.00015518465868569043
3.92633047419515e-05
0.00010658713647098657
0.0006406327494614161
0.00043725462268682976

1.5504900293644078e-05
1.2764383121207016e-06
0.0001858694800395674
0.00019895936239817504
0.0005062997089349671
1.498180469624964e-05
3.069399475569099e-05
0.0010464154499063268

9.829702272706547e-06
1.8175625951496135e-06
0.00017528528049615797
0.00019715557368474616
0.0005412306347247558
1.6807144141241583e-05
2.395597778630171e-05
0.001033916227045744

1.187987784114002e-05
3.176712115593377e-07
0.00019318706013320624
0.0001952500010413809
0.0005286243428203437
6.570935388776799e-06
2.3331023624972422e-05
0.0010408387844993915

4.7529299056361635e-06
2.9592578600021784e-07
0.00017618047642800822
0.00020339058909433358
0.0005594915648565225
9.07932007392026e-06
1.4714700951665067e-05
0.001032093652066696

1.572934865909347e-05
1.2086477534951292e-06
0.00019384650731983622
0.00018096608916298178
0.0005701987860574375
1.3113577086127242e-05
2.6580339639093776e-05
0.0009983551310087315

4.3103754646087865e-06
1.107071977554539e-09
0.00018353680125686157
0.0002057970463955436
0.0005451726321548333
1.0568253513732704e-05
1.6400053499495184e-05
0.0010342153518396794

1.4583245466330273e-05
5.615270606152536e-07
0.0001799100076023934
0.000186212291602617
0.000547476468900124
1.3764722920925509e-05
1.6761339892170247e-05
0.0010407291344376147

7.347871389024718e-06
9.636049804632777e-07
0.00020999087754251523
0.00017324734400947636
0.0005316351504713006
2.0538374721592306e-05
2.5193838881204553e-05
0.0010310824433831976

9.609970053161533e-06
2.9814641395519544e-06
0.000186334364800142
0.00018621473267456748
0.0005636119272049838
1.2389583446805933e-05
1.811808371466278e-05
0.0010207404145128782

7.901753311794973e-06
4.1660191155355565e-08
0.00018449410282745263
0.00017235259523361703
0.0005443083806763559
1.238328768693358e-05
2.0305154788320754e-05
0.0010582127697631408

1.4491509474190189e-05
3.8414375421163225e-07
0.00019738044099818703
0.00018444065162853633
0.0005597243094518039
1.2805440318374596e-05
2.4277060757791876e-05
0.0010064966995936644

1.4424510957548558e-05
5.255281893451169e-07
0.00017283789417777776
0.00020563540603882078
0.0005471123822595057
9.783486763643548e-06
2.13157559058312e-05
0.0010283644076003048

7.77853683429314e-06
2.8607047420003058e-08
0.00016508947192487412
0.0002046745750583013
0.000555791102659548
1.1964807189418109e-05
2.879375975421753e-05
0.001025879129608693

9.01578644200838e-05
0.0010148109413770962
1.8849799617827518e-08
2.630759166662364e-05
0.0006179339856796247
0.00019295341298594337
3.379739936477065e-05
2.4019935713004992e-05

4.962470587387808e-06
3.272193553657527e-07
0.00019799036243582112
0.00018645769933164146
0.0005334205363851026
9.153044814425517e-06
1.4129140915537072e-05
0.0010535596458714812

8.582307186197005e-05
0.00073586887263254
6.474241148737238e-07
1.4153357971046082e-05
0.0007167756035176488
0.00038668976036001303
1.3879112550606302e-05
4.6162410314074787e-05

8.877781070006385e-06
2.3009414733492914e-07
0.00017700178657335648
0.00019163125747674955
0.0005444335920338171
1.3830838281585041e-05
2.2262609598634105e-05
0.0010417335139212515

5.866394443061096e-06
6.581191866568851e-07
0.00018193718051129324
0.00021079394212823347
0.0005284989066928868
6.16693955696766e-06
2.3576626473992917e-05
0.0010425015559216795

4.825941670155878e-06
1.2387379748850615e-07
0.00017912386509033216
0.0002119291406712177
0.0005203101552829105
1.0658291785907209e-05
1.7301719849214246e-05
0.0010557265341235482

1.012891424464014e-05
9.337977610676075e-08
0.00019995222814604506
0.0001965444325271368
0.0005638094221869795
1.5906144477509e-05
2.2680239740166812e-05
0.0009908856421681725

1.2702585792459932e-05
1.2615072544234227e-07
0.00019076058127040211
0.00021061087985794498
0.000524040210657285
1.4147301763168866e-05
2.4002842715351543e-05
0.0010236086072967269

4.91793938829066e-06
6.194495894408965e-07
0.00020626179501812098
0.00019046791613833584
0.0005582989801127018
1.027059763376756e-05
2.0709787742116974e-05
0.001008452755396006

1.1402915896810243e-05
3.8314655423185005e-07
0.00018432648637485102
0.00018815431298524327
0.0005373941683045389
9.25915517427417e-06
1.4914371747616817e-05
0.0010541635946592362

1.4304507791981573e-05
9.288844811672224e-08
0.00016782784267935469
0.0001965444325271368
0.000525796400731679
1.4726711901421547e-05
2.0018003644142632e-05
0.0010606902775029104

1.1283023971241003e-05
1.7263687649985335e-08
0.0001826980314958673
0.00018768103530683879
0.0005612531617488069
2.0026808571964115e-05
1.358710158252671e-05
0.0010234540856518598

5.260917781336904e-06
1.2775501260981599e-06
0.00020148551591495824
0.00020257121292494612
0.0005387925753881866
1.3580508542660384e-05
2.3834430628766033e-05
0.0010131960335558379

8.316630281383503e-06
1.8795806338922214e-06
0.00020180304090852051
0.0001837234554130772
0.0005167154045657928
8.583382067975211e-06
2.1961049442748126e-05
0.0010570172669613794

1.1188284645161808e-05
2.6528257262149726e-07
0.00017282613553801617
0.000198468896426119
0.0005234077191881086
9.13870863271618e-06
1.7968771227690036e-05
0.0010667345831723643

9.89937043129405e-06
2.1903244555920096e-07
0.0001886085323760341
0.00020561360228126287
0.0005211367707961514
1.023136494456299e-05
1.579362067179038e-05
0.0010484967837421286

6.816915709789641e-06
1.8993749394908997e-06
0.00018021125829828565
0.00020971618999608447
0.0005669932147764295
1.2928962945870222e-05
1.90195202623865e-05
0.0010024147028764253

1.013005291661705e-05
3.713496124710287e-08
0.00017356771104298102
0.0001985747555759728
0.0005351427022081864
1.3594685556372952e-05
1.8578979471318296e-05
0.0010503743611120614

1.586942353625351e-05
1.9908049596371904e-08
0.0001793585688135736
0.00017098966858324988
0.0005382944179582865
1.3032728087766423e-05
2.544948431602144e-05
0.001056985279820028

1.0648657832102537e-05
7.071808176621795e-07
0.00018556840828767152
0.00020405699098482256
0.0005043694945741012
8.953628380468608e-06
1.8523504912443024e-05
0.0010671728201634791

7.387552823020192e-05
0.0008691657312599972
5.190641894761721e-09
1.5345066986884636e-05
0.0007192177979701344
0.00027737394167434937
3.873055993475272e-06
4.11437552478261e-05

7.185846816309704e-06
2.8317327105877026e-06
0.0001731602365392424
0.00019349300343900335
0.0005121205667689515
1.2180482953045367e-05
2.6464261385447218e-05
0.0010725617089422214

4.202794476789949e-06
1.0914726198708102e-06
0.0001745577662609081
0.000179146610255871
0.0005296242508640709
1.214180586582953e-05
1.4418057379679399e-05
0.0010848173425177434

1.1591858086979511e-05
7.249670273015708e-07
0.00018972553216138738
0.00019106088892631356
0.0005427944645230499
9.973803645784945e-06
1.9285301226997897e-05
0.001034842503818964

8.480447206062174e-06
5.409418210326114e-07
0.00018629651783090933
0.00018907067847866434
0.0005046889316096249
1.078569197332422e-05
1.7658842091973734e-05
0.0010824795302531414

5.219763032171301e-06
1.888790441705496e-07
0.00020187420077907777
0.00019560010183428274
0.0005236328341835446
1.4914717169609814e-05
2.198704455422108e-05
0.0010365839902336563

6.609280257999371e-06
4.5220049083180796e-08
0.00017884385882400915
0.0001950288491038647
0.0005599952004543114
1.53216010413604e-05
3.185540340414389e-05
0.0010122994182040165

0.00011501862911004129
4.3725158313489135e-05
0.0005070869256410065
0.0003563739585426543
0.0004997280268602053
0.0003480599420652178
0.00011061455900733212
1.9391499784844757e-05

6.409836958043008e-06
6.662709944916104e-07
0.00018985861062268926
0.0002133233582369505
0.0005182902654298631
1.281312310221883e-05
1.7978630323490142e-05
0.0010406598847430186

9.637439582604601e-06
1.853187162427339e-08
0.00019231657377285499
0.00020899405096272555
0.000531771270980541
1.8321190670544867e-05
2.3759383590287583e-05
0.0010151813836495856

6.995315620172651e-06
1.952624992411275e-06
0.00019480033225049775
0.0001986730786299793
0.0005292270549421239
1.3082177992763846e-05
2.168194836040679e-05
0.0010335883899563905

5.2787811429747305e-06
2.889607941414304e-07
0.000204902408645682
0.00019905904254215406
0.0005402115092254182
1.0141443156386116e-05
1.54598524865574e-05
0.0010246590911934287

0.000668692913500507
1.5690081301889601e-06
3.705894150664413e-05
0.00012160930832641779
5.626804650718687e-05
0.00010401542729912699
0.0005434489849497796
0.0004673395089968702

1.0301291439145256e-05
5.75554580330851e-07
0.00019265410400601168
0.000221755352081995
0.0004971181544191195
1.5344366250898842e-05
1.941947449427758e-05
0.0010428336917849457

1.0753990949966949e-05
9.244999812561165e-09
0.0001930031133049357
0.00018216768350861988
0.0005666014037123732
1.3491330574468432e-05
2.192627360545319e-05
0.001012046160699151

9.66772915599049e-06
3.7932049230942214e-08
0.00018365557019845355
0.00019394738973979085
0.0005782619256379605
1.1667503045445838e-05
2.441828955492852e-05
0.0009983438266409606

9.424821026915359e-06
1.7536898844446087e-07
0.00020774426231606456
0.00018232827701536387
0.0005655416378218595
1.0275757873662941e-05
1.8002151387013268e-05
0.0010065080500254345

1.0502062379074703e-05
8.41882862931147e-08
0.0001913329761207971
0.00019317587167543308
0.0005354675989435991
1.3748467563255077e-05
1.196852008534283e-05
0.001043720609240964

0.00012741656546667784
0.0008694399921504365
7.014964209774283e-06
1.2141494203835849e-05
0.0006020468004657315
0.0003503363888190637
1.5881183878015072e-07
3.144480200446867e-05

8.048759524814476e-06
7.320499851579665e-10
0.00017954548364178401
0.0002008803717852273
0.0005346048734990906
1.2137754571911667e-05
2.4428898226713434e-05
0.001040351174555278

1.0467887219767589e-05
1.5554951884629302e-07
0.00019756394722646655
0.00020788222618726735
0.0005101913994560645
1.3575894366753935e-05
2.0183619118784844e-05
0.0010399790521328225

7.3935230520991475e-06
3.339561612291665e-07
0.00020845261833570287
0.0001975513755867214
0.0005422090656649185
1.573608928895681e-05
2.178076645640329e-05
0.0010065449393706861

9.98567099754434e-06
4.3244999123224174e-08
0.00020857144074929384
0.0001981137185613201
0.0005279336007543482
1.0915917546683946e-05
1.9073778911286427e-05
0.0010253635318591466

1.243432934989873e-05
1.284738023952428e-06
0.00019450208845854451
0.00020899663705067312
0.0005095713620066354
1.0283500663505958e-05
1.9568749715251086e-05
0.0010433594409982863

1.2484527874880969e-05
4.170271915449332e-09
0.0001875793461989005
0.00019732641089728254
0.0005493154890308387
8.863662188292641e-06
2.6327322044223615e-05
0.0010180988384164355

0.0001139620613874628
0.0009778843232457692
5.320992692118909e-08
4.105602351960482e-05
0.0005017996062282049
0.000310131671024199
6.0150704400467475e-06
4.910037745450862e-05

5.770212030211158e-05
6.802811070275608e-05
0.0003835636103053945
0.0003700631993151102
0.0005488543972001871
0.0003707517641011498
0.00015013774929401453
5.0897088320080996e-05

9.600267983358236e-06
8.485551907958681e-07
0.00019072722833307835
0.00022136926000982293
0.00048346303468597187
1.1600386326806605e-05
2.197446435447614e-05
0.0010604164739324614

0.0005145219289302647
1.965394168152385e-06
0.00013410916648298792
0.00019486400381120685
4.881937440220586e-05
0.0001326928494777032
0.0005173499439129277
0.00045567639271333545

1.3426360439785679e-05
5.877648860832916e-07
0.00019442725142006183
0.00019065929618445568
0.0005417780308156577
1.058046929748503e-05
1.9461277077430046e-05
0.0010290787283278222

7.344235059098443e-06
5.596819886526617e-10
0.00017099317734117872
0.00021153739339316023
0.0005504900509270249
1.0293541953302373e-05
2.312368088317621e-05
0.0010262172029058387

1.0591527753260827e-05
8.198820013772061e-07
0.00020906388095330976
0.00021272676759904612
0.0005391704983805244
1.4043203765279412e-05
1.1524048694354321e-05
0.0010020607541336014

0.0005490870147894707
4.2277689722836e-06
4.566604554613839e-05
0.0001634433104862494
5.601539091430937e-05
0.0001587109035841971
0.000477371966371466
0.0005454775800126508

8.875382732055008e-06
9.47865780782384e-09
0.00016923979861872783
0.00020938602569277838
0.000536674925457121
1.8567030025560567e-05
2.2635535991073163e-05
0.0010346123342236306

0.00015180490495421363
0.0009302397971577438
9.597773957408805e-06
2.150074327608065e-05
0.0005228021955523854
0.00034939281909419413
4.382352111149486e-06
1.0280345841569919e-05

0.0007068557296767703
1.1770951761348455e-06
5.8557263012773895e-05
0.00010793679925362267
4.11190891583262e-05
0.0001408615782320854
0.0005800420348318696
0.0003634480259932302

7.899596856038695e-05
5.134217752705699e-05
0.0002485928714578746
0.0004890822483260445
0.0006085317268802518
0.00038516986024082837
0.00013692144222397012
1.3652402303202766e-06

0.000672841747006391
2.871845721774427e-07
4.069062671301311e-05
0.00022080803040520162
6.783643974664213e-05
0.00016150631120752132
0.0005078021916965046
0.00032822659710733123

7.274592052510429e-06
1.2871722959030738e-06
0.00021394040760044003
0.00017713032601075038
0.0005413846269456338
8.125320077262245e-06
2.0391093044578385e-05
0.0010304679167156571

9.2556173803459e-06
1.7301314529222464e-06
0.00018000359636849596
0.00017787033319374698
0.0005664247071739557
1.4732547559303233e-05
2.3991012665591393e-05
0.0010259937244863698

0.0001339890410614234
0.0009130815008556218
1.1999483284715066e-05
3.845374506236503e-05
0.0005945558555936074
0.00026763537001579525
1.2575393795038701e-05
2.771034596618333e-05

0.000575505695283842
5.462215089255678e-08
7.796036713138338e-05
0.000155563723318005
3.115107777642381e-05
0.00021141512797163913
0.0006195291858892827
0.00032881832268533427

1.1517673304483578e-05
1.008993021543052e-06
0.0001829991865317615
0.00018158386529645658
0.0005640388146143289
5.553947505395839e-06
1.7063694502040122e-05
0.0010362326966087783

8.116908707432778e-06
2.0092105392640249e-07
0.0001898844924081645
0.00020321332100792762
0.0005002900319068109
1.002471340475277e-05
2.8433016001531477e-05
0.0010598398543841525

1.0600553403077836e-05
3.5858419272984264e-07
0.00019514378249353443
0.0002013852299989915
0.0005555549609683356
1.574034727287048e-05
1.350348884822193e-05
0.0010077143980509761

4.811412510450452e-06
1.2752044741457173e-07
0.0001816718605166725
0.00018128146903658755
0.0005315093576158511
1.8166466903681833e-05
2.2571325054375016e-05
0.001059860237249739

1.0413265086875033e-05
2.169560148012998e-06
0.00018396115244825802
0.0002025750319908687
0.0005426465225360493
1.2703223360447005e-05
1.558530403601392e-05
0.0010299454260302506

1.5313549707523635e-05
1.3715179101929987e-06
0.00019402836374814912
0.00019877899221183197
0.0005074555773035322
1.4693093590103146e-05
2.0675610830809898e-05
0.0010476831094806257

0.0004327197332767729
9.267049612114112e-08
6.80170454129804e-05
0.00016175761604842617
6.64651202604451e-05
0.00019514503195550907
0.0006325965056063478
0.0004432073500221405

6.686604946231642e-05
3.151556116103405e-05
0.0003876101807193518
0.0004048614036495899
0.0005862582269058386
0.00029571586906247384
0.00021121619706967237
1.5954695388524656e-05

7.185082174325206e-05
0.0009133923391793196
1.338410294864243e-06
1.267359337504774e-05
0.0004781402837138886
0.0004925578904635771
4.100918964855437e-06
2.594687507593703e-05

3.136260061413527e-05
0.00010466318811999388
0.0004766062194749912
0.0003367282805409629
0.000466597310739918
0.0003678966878690354
0.0002107952407262071
5.351158043507318e-06

5.950095751364085e-06
8.29629361179582e-07
0.0001935129105745997
0.00017719818507937454
0.0005065231277324373
1.1044843714070019e-05
2.7047192813628515e-05
0.0010778936919461175

7.717291691534863e-06
5.9347013996762e-07
0.00019144557788051416
0.00021462648078653023
0.0005486092590391571
1.0413842350863329e-05
1.7299487681259506e-05
0.0010092965175288989

5.965814791045386e-06
3.001885067137928e-06
0.00019786956103027035
0.00019769471599181526
0.0005278390700202649
1.3999329508168947e-05
2.7263459497243785e-05
0.0010263662020388177

1.239588080667826e-05
9.941340298443125e-07
0.00019131194429922345
0.00019286148426780718
0.0005131331147484223
1.33461851714112e-05
2.042180038795581e-05
0.0010555347357514369

0.0005334329310168513
1.1643379763934928e-09
3.5648237375245614e-05
0.0001919434018064209
4.433408109314346e-05
0.00012530017745958683
0.0006292153636448993
0.00044012274597467964

1.0263719329907017e-05
6.333240371595973e-07
0.00018365435807647816
0.00018273067487320548
0.0005357077133707308
1.598364689393767e-05
1.8016195476728525e-05
0.0010530110155486043

0.000493360181119311
5.512499888236174e-08
6.334877617362779e-05
0.00019542626259980728
2.7319998198097483e-05
0.00012427505163237085
0.0006853464994828618
0.000410869303671782

0.0005322808462962094
2.0252793389382362e-07
6.785927862417908e-05
0.00020396245391473923
9.638683984579368e-05
0.0001528691069486373
0.0005261307577349001
0.0004203087864304001

0.0005985448985927312
4.3206239924010005e-07
4.181716236017303e-05
8.344020835828168e-05
7.379021962593152e-05
0.00015306490894666748
0.0005674789076625823
0.00048143165900715727

1.2143987611785296e-05
1.1910127938526713e-06
0.0001708481786881185
0.00018639785867085467
0.0005424194395706532
1.3992637188304631e-05
1.6151076664543097e-05
0.0010568573360946216

7.046031907144398e-06
1.2151463773633719e-06
0.00019381662127244213
0.00018550627407093123
0.0005511218962682144
1.1347108427941716e-05
1.6523801714986242e-05
0.001033421615599772

8.530269555052048e-06
1.8759844619651322e-07
0.00019897197875791927
0.0001910411083187146
0.0005374605204311935
1.5009860017680827e-05
2.606227090359743e-05
0.0010227388596663607

1.2398400198627178e-05
2.4486844503538593e-07
0.00019581406763194466
0.00019634761387712725
0.0005260507485345223
1.5871917790202935e-05
2.312970273105412e-05
0.0010301434975642347

5.167987673221027e-06
2.9127324209454645e-07
0.00020170267599255536
0.00021091732679573183
0.0004946881731083864
1.5647158484759846e-05
2.3920968507011512e-05
0.001047665739096978

7.5411478971061105e-06
2.4420499504883716e-07
0.00021536484063356022
0.00018519210747730086
0.0005335052359053854
1.2028004756136802e-05
3.033430743498352e-05
0.001015791335853219

8.820841663160808e-06
5.742660383569759e-07
0.00019145424092633848
0.00017168393280717395
0.0005373298935878421
9.773977099836352e-06
2.2267674126531424e-05
0.0010580963894455003

5.102318058552453e-06
2.9122185029558833e-06
0.00019408817078693654
0.00018642716718226046
0.0005452833225465893
1.337986225672841e-05
2.1287684690400332e-05
0.001031519040878346

1.0297846863215094e-05
1.0408358988974502e-07
0.0001919954505573657
0.00020372365379758083
0.0005407750293239932
1.190239323068353e-05
1.9851476365518907e-05
0.0010213520342044781

1.1062983527702238e-05
5.8731120809248995e-08
0.00020121518185843915
0.00019417042051326897
0.000515496230990511
1.648746371572298e-05
2.118175905854794e-05
0.0010403280952597457

1.2260840169416157e-05
1.460593122387033e-06
0.0002108303043834962
0.00019560385461220664
0.0005179482315487977
1.6669553712031174e-05
1.8875467425307117e-05
0.0010263490092791664

4.217660082488554e-06
3.6487809060223627e-07
0.00021271111345536354
0.00018579388443310007
0.0005410912282295824
1.4987690674130305e-05
2.4570123989850136e-05
0.0010162617511736817

6.43431666954669e-06
3.300908113075351e-07
0.00017299785139053474
0.00019838952058572838
0.0005721440092979991
1.0899965731007363e-05
1.5546839462793773e-05
0.0010232566583018626

8.365195069598869e-05
7.445322921848926e-05
0.00037139442742212
0.00041023318849067904
0.0006244008773425111
0.00022685769792854692
0.00019577026394283274
1.3238573493592985e-05

9.115740103181856e-06
7.994400817916581e-07
0.00019931655989693296
0.0001641954401290002
0.0005384770489305836
1.7697200619196027e-05
1.8352214155915877e-05
0.0010520476299201369

9.301415616417358e-05
0.0008826952533036915
1.8450382205925557e-06
1.001639261692147e-06
0.0005077961450826273
0.0004496060907964085
4.985410556922707e-06
5.905590794066404e-05

0.0005571203345925983
1.5007528675728095e-06
6.279259092690423e-05
0.0001214002932906555
7.873543554166916e-05
0.00013319508574952056
0.0006568298979330251
0.00038842415817484877

5.0863696968758e-06
2.3340961326770936e-07
0.00018089991833432332
0.00019399472633883113
0.0005378711652948678
1.0551686236068598e-05
1.6091820875744486e-05
0.0010552703150547977

1.232292980015731e-05
1.3875911718671197e-08
0.00018358042619997706
0.00018324731155673087
0.0005633911135774607
1.4312289381823808e-05
1.4793719750062988e-05
0.0010283385934228284

7.012121745831914e-06
1.5119500193457914e-06
0.00018016923610913766
0.00019688439605824418
0.0005689521680027124
1.2066189613362623e-05
1.64762070579512e-05
0.0010169262200942096

1.2342404247762475e-05
8.474020948192468e-07
0.00018773617947572078
0.00019238976291737115
0.0005340032397412886
1.260903734635659e-05
2.3051050430648766e-05
0.0010370217508327804

7.2483206550430706e-06
2.8369619424816815e-07
0.00017193482212208726
0.00020747362524155155
0.0005195290459487473
1.5022684143420822e-05
1.5719063113302006e-05
0.001062788668500366

5.877237436041258e-05
0.0001773541911422116
0.00043730138153588174
0.0004082790019702994
0.0004782263424321438
0.00025048758372946003
0.00017908675765708446
1.0492209587274462e-05

0.00019022975144116454
0.0009117009372936121
6.610247865979754e-07
1.736912460984764e-05
0.0005146659863653439
0.0002983657590787483
1.903938593398373e-06
6.510130812809587e-05

9.570084357970199e-06
5.723021003967938e-07
0.00016913974553275633
0.00018853606609950337
0.0005515566314494003
1.0830975980406105e-05
1.4563441482731797e-05
0.0010552296378876227

1.4392936156188726e-05
7.059096056879528e-08
0.0002092747348150348
0.0001956401333214711
0.0005151612107073034
1.0768661549669504e-05
2.466109519800573e-05
0.0010300315417485044

8.27489649022964e-06
2.2218319549532072e-07
0.0001840351609407575
0.00019739929044780492
0.0005376886371065686
1.8473110523464747e-05
1.4397347758099282e-05
0.0010395089461243537

6.142087653471522e-06
4.6659014254006327e-07
0.00019138741679169334
0.00021940939772955835
0.0005348158356068135
8.274381914240071e-06
1.876178166961205e-05
0.0010207432721228205

6.0548408452404175e-06
1.4540067085205703e-06
0.00016827192427635107
0.00016254805149640045
0.0005609099414277656
1.5015751503561382e-05
1.9401741704637107e-05
0.0010663431675723002

1.1299253562911954e-05
1.3170644732970218e-07
0.00018795806338922215
0.00021408172214157494
0.0005241282575415
1.2661814721286549e-05
2.1307497745998634e-05
0.001028433246990909

1.097124822756214e-05
1.2820022220078954e-06
0.0001990098302371518
0.0001750639087786462
0.0005134938231971091
1.3607550174112125e-05
2.6183872269132002e-05
0.0010603902605509931

1.1549871863830766e-05
1.5643266882838744e-07
0.00021188487199211528
0.00020093615410409632
0.0005043915907356535
8.482010086030489e-06
1.9278231691141225e-05
0.001043321883089048

1.549680093580829e-05
2.7721457437958055e-08
0.00018736992900114638
0.0001883825818526152
0.0005660033014064995
1.5761290738445858e-05
2.1815844519692097e-05
0.0010051436194790974

1.1890053390933716e-05
6.186754754565913e-07
0.00020262468312386207
0.00021622808211405834
0.000526522685524954
1.301658828809365e-05
1.4750748500934215e-05
0.0010143465592765116

1.3438817295533121e-05
8.495441827758166e-07
0.0002040186625055996
0.00017328855111864092
0.0005401117281714413
1.2244246823752577e-05
2.592683237234339e-05
0.0010301205317727001

1.195738312556863e-05
8.738708002826038e-07
0.00021290291640547475
0.0001938253377982654
0.0005165690277047606
8.710151921405e-06
1.7786111257393396e-05
0.0010373731781696557

7.3432655231181e-06
7.079331776469256e-07
0.0001699561567542039
0.00020134080750989214
0.000534764125357862
1.0672604783617021e-05
2.4941717352316214e-05
0.0010502729058441183

8.499993555665881e-06
1.943511818596041e-06
0.0001959254762276859
0.00020006986812165994
0.0005236901439103827
8.86073326235202e-06
1.8200030103001355e-05
0.0010428105849694142

1.2169871825260505e-05
2.8450665223173644e-07
0.00018325941951648534
0.00020632859754476655
0.0005485045158412807
1.396254154891481e-05
1.3373973880847794e-05
0.0010221182461889434

7.468619610576593e-06
5.773825682937893e-08
0.0001758161945333939
0.00021020219823623083
0.0005529880566463788
1.2092301852833206e-05
2.3980937515795666e-05
0.001017394045172725

6.401234822217412e-06
1.7589376443382115e-07
0.00017618403804593597
0.00020101476960650245
0.0005200714773937496
8.362348318456586e-06
2.68855579529056e-05
0.0010609029365725986

0.0006022157983683051
6.087236998583599e-06
5.778775947637527e-05
0.00015097731994699257
5.5775994887163044e-05
0.00012900355095250233
0.0006130610617784215
0.0003850891169944654

4.553442357680698e-06
3.975071999406935e-07
0.00019633508099738134
0.00019300559848888532
0.0005276705797036808
1.4666021080652032e-05
1.8344551596071234e-05
0.001045027115214475

6.033291429677324e-06
1.1494094346961633e-06
0.0001703435024743506
0.0001866910474649104
0.0005185794535359999
1.6981770287701102e-05
2.249829523185567e-05
0.0010777233805175704

4.334549744118661e-06
3.224784014618737e-07
0.00020951288159420643
0.00017753171659261232
0.0005053220771867883
1.1781431763135977e-05
1.8072806833580757e-05
0.0010731212682608769

7.633289527237974e-06
9.217500293118708e-07
0.00022975928678371833
0.00019726108205060698
0.0005443793320109173
7.844282098960182e-06
1.6285792957811776e-05
0.0009959148736502067

4.071628717449285e-06
1.0832650360372155e-06
0.00017842664957446795
0.00019227068259978548
0.0005548089144794615
8.474457500183615e-06
1.8097150385087195e-05
0.0010427672603802926

8.030753215179551e-06
1.4689283722180392e-06
0.00019838574117980495
0.0001916027807633269
0.0005125214161768243
2.022744256789634e-05
2.1565906124759503e-05
0.0010461984618607262

1.2913851788176593e-05
8.028024337234878e-07
0.0001979488327946631
0.00021828866937428072
0.0005584659499273165
1.4036165867422105e-05
2.196817560460364e-05
0.000975575385668582

1.1416209176540723e-05
4.1161542365465466e-07
0.00017260162230056807
0.00019919282980344156
0.0005542970879638384
1.072497266455528e-05
2.2184183072224172e-05
0.0010291734159519025

9.593063903504299e-06
8.364417630414631e-08
0.00018886780537277748
0.00019049507390578524
0.000547081001150142
1.3256478523229969e-05
1.5028578145301326e-05
0.0010355936101257355

0.0007585744541581932
1.8255782829870985e-07
6.15906711432727e-05
0.000184714063072993
0.0001049543743540902
0.00014095713411014802
0.0004172630408281514
0.00033176376486561654

4.865516559353512e-06
5.947110599424607e-07
0.00017834302729616332
0.00018661650680842172
0.0005272700095418022
2.070042697230676e-05
1.8386715475216372e-05
0.0010632231778215568

5.52636859995499e-06
2.3856086896326956e-06
0.00020792865423432608
0.00021449808589313332
0.0005353972307770259
1.4326166159542461e-05
1.9426569878133727e-05
0.001000509780453047

8.928755530972896e-06
3.4285329104878063e-07
0.00020526618083030666
0.0002049613075964879
0.0005214737281793196
1.7083651821635494e-05
1.8975857287271754e-05
0.0010229677047817209

1.9004700414686966e-05
1.8110568912815143e-06
0.00019621102706989646
0.0001900768123242653
0.0005263523534264074
1.0273177591715254e-05
2.4860039695972206e-05
0.0010314098828405592

1.0327718990609445e-05
2.3674879520000875e-07
0.00016480803210058018
0.00019708525045417192
0.000544348029381552
8.457281396531855e-06
1.4994616833989877e-05
0.0010597437663721005

7.348356301014886e-06
5.636738765717278e-07
0.0001857024586849537
0.00020463618861907954
0.0005479809498518959
8.767528022241723e-06
1.9043712413896014e-05
0.0010259593453510669

6.784028024456427e-06
6.998288578112376e-07
0.00018728301236490852
0.00019533874692158158
0.0005179176982994168
6.363724798977913e-06
2.4935910694433945e-05
0.0010606757125932057

1.9901720628500223e-05
8.361350648276813e-05
0.0004141136940540033
0.00031587258908380406
0.0005133458768741087
0.0004272484273877016
0.0001953900037265424
3.051586243930256e-05

0.00013409570147326094
0.0008691710050998903
1.1563250503559517e-05
2.1398425504155105e-05
0.0004466863878716043
0.0004439325983774364
3.4777799294893423e-06
6.967569698935191e-05

0.000583850329364658
3.364132269793505e-06
7.627402319157334e-05
0.00011743117755712778
5.0840312907232095e-05
0.000156234906882397
0.0006994747878104161
0.0003125304984955636

0.00013574133804789625
1.6652759664371666e-05
0.00040908544309794907
0.00040034603918113717
0.000452708467399509
0.000387104957983595
0.00018944966631098047
8.910056851352005e-06

0.000521673911991261
4.434241910097441e-07
0.00011353755898606942
0.00019221735649486662
6.0182986701812975e-05
9.775096218613662e-05
0.0006894690937832779
0.00032472289237836754

7.55441720883708e-06
6.749872683148911e-07
0.00020049644473501125
0.0001822232191234939
0.0005195392394185407
1.0694531033172472e-05
1.8610606214677076e-05
0.001060206775952713

1.2665634225209109e-05
4.463235109509615e-08
0.0001854831286894005
0.00019096076013034363
0.0005640643055418118
7.111950703807919e-06
2.076436647701041e-05
0.001018903799504115

1.0732589832400847e-05
2.0604499582251654e-09
0.00018492320750075267
0.0002044072243537217
0.0005476983281676259
1.632913599693301e-05
2.122830081960432e-05
0.0010146798779957535

0.0005584596088454448
1.1735119762074936e-07
4.544027072671589e-05
0.0001670373726453811
7.911605372395228e-05
0.00017185156283777527
0.0005367495219196088
0.00044122865588625774

1.1988022238947435e-05
1.2702815822455265e-06
0.0001869245415221764
0.000176859019696251
0.0005378919090944472
7.583946328238389e-06
1.6925055784850966e-05
0.001060556284105627

1.0216493360864503e-05
4.289520413031614e-07
0.0002027813150106864
0.00019461561878224276
0.0004941511949592735
1.0058441574068944e-05
1.796687555772847e-05
0.0010697836538485456

8.337536542959635e-06
3.932071120278761e-08
0.00021284419203666544
0.00018430948606319567
0.000526216928293153
1.5965415108307314e-05
2.075458590120871e-05
0.001031530531534113

0.0004719100014402052
4.310932570597492e-06
7.961326689787146e-05
0.00013869485503001486
6.831168855300665e-05
0.0001447994794322459
0.000560130670531565
0.0005322292587472552

6.520134685806763e-06
7.850306720838033e-07
0.00019829000823774594
0.0001869355474599533
0.0005630132829531211
1.3406703480184216e-05
3.085823496636109e-05
0.001000190112273528

1.5284162812119443e-05
8.411561109458814e-07
0.00018782933024183212
0.0002025495722313849
0.0005412160690270512
1.0676695975534073e-05
1.8921738194369e-05
0.0010226816523875204

8.004920287703304e-06
1.5068479694492334e-09
0.00020817635803730395
0.00018865889849701295
0.0005204407372962629
1.4339372261274711e-05
2.2261765566651217e-05
0.001038116556650584

1.1181105573307361e-05
2.0379004406823476e-06
0.00020005215666601907
0.00017487461086248415
0.0005254642002984143
1.6243228470674756e-05
2.2021448801523544e-05
0.001048126102917644

7.487453040194752e-06
2.628924446699562e-07
0.00018180570231595894
0.0001860914785390665
0.0005308971034142644
8.928755530972896e-06
1.5238738733040403e-05
0.0010692893095925681

1.0717065390715599e-05
2.897787321248471e-07
0.00020486784146438283
0.00020172808247204027
0.0005387219890776177
8.015299109492876e-06
2.2821878905295135e-05
0.0010128373397871103

7.959938976615282e-06
6.01212475810647e-07
0.00018409947548545351
0.00022447009589895468
0.00048208932496382326
1.966660073926719e-05
2.200843915578731e-05
0.0010591032909450858

1.0667930095711798e-05
1.3877779718633323e-09
0.00018995475186074008
0.00021186664505648477
0.0005674874304464094
1.2230479752031702e-05
2.5815372564603198e-05
0.0009819777769627762

7.552696454871968e-06
2.1503231764030198e-07
0.0002103902722224177
0.00018957772192438417
0.0005385849817923955
1.1349820217886734e-05
3.034760963271382e-05
0.0010119835626044205

1.0772771109586185e-05
6.223391873823109e-07
0.00017650948427933767
0.00019190375035122486
0.0005377301180657276
5.6911645566138156e-06
2.4233010758684975e-05
0.001052537972932195

1.1047816434009746e-05
5.851620381360633e-07
0.00017298491092479712
0.00017964856805569398
0.0005321694203224685
1.8942364415950807e-05
2.1984947604263593e-05
0.0010626370485674402

7.90954937763691e-06
1.1164702353639929e-06
0.0001907840536039263
0.00019737415804831442
0.0005189298457368958
6.084809804632808e-06
2.590998427468498e-05
0.0010518909763553128

3.051586243930256e-05
6.499021807434818e-05
0.0003650013814017366
0.0003272679999427665
0.0007078358018489
0.0003158058273971576
0.0001878538474413351
7.296963872056848e-07

7.932456807172475e-06
9.221794393031644e-07
0.00018941150425775416
0.00016501707875234188
0.0005620756224041318
9.168746342107177e-06
1.8887515699062843e-05
0.0010465832694229243

4.9548259803427985e-05
0.0009719330498324291
6.216337873966127e-07
3.989690943310542e-05
0.000528056914431848
0.00036991868202204014
7.0962165681269235e-06
3.292896452437784e-05

7.430780081343776e-06
5.7054418843243474e-09
0.00021424141135433734
0.0001835695194781982
0.0005119404380706035
1.2858626717296264e-05
2.982561124329714e-05
0.0010401261623438397

0.0005817256411837352
5.464514771209052e-06
7.505177579035394e-05
0.00012997350861483682
1.5708780931510474e-05
0.0001947678762431558
0.0005480877370157306
0.0004492211764142124

1.153255195818192e-05
2.3375543726069788e-07
0.00018426698871405728
0.00018210732830984357
0.0005296592441733614
1.5315299817488156e-05
1.8420481426531784e-05
0.0010584659190520083

0.00017978885830684962
0.0010034485909054633
4.79690525474458e-06
3.500181665235155e-05
0.0004799530620211352
0.0002463486458933754
1.1711232730559237e-05
3.8948404210336006e-05

1.2723953030026719e-05
5.70071366442021e-07
0.00019471420493424397
0.00018217734126842408
0.0005443355085818058
1.0832153452382232e-05
2.2725413971250922e-05
0.0010319212519101914

6.065850245017206e-06
1.1396492588940471e-06
0.0001965770362144758
0.00019032228478928844
0.0005567931540892318
7.294870324099295e-06
2.0733402557638194e-05
0.0010210719239461571

0.0004927425183378339
1.5091751072020519e-05
4.830577850861881e-05
0.00016772125773751562
7.103811100972946e-05
8.848835350393248e-05
0.0007252848477031272
0.000391325804554019

9.297297333500854e-06
1.5089820174059665e-06
0.00019594676012525434
0.00021472345748856398
0.0005179808013401373
1.4067682562783117e-05
1.7963463603797645e-05
0.001028510694059339

9.049160266531738e-06
4.158719915683545e-06
0.00019280062460304105
0.00019674511348306804
0.000535573159863459
1.6681972143779395e-05
1.6972188455895366e-05
0.0010280202452072828

1.1023451938503728e-05
7.300784571979386e-07
0.0001963639072187969
0.00018914939796506832
0.0005693213150492282
1.6570372722042035e-05
1.4493211964155668e-05
0.001002346739869803

1.22045311305578e-05
1.907889953318261e-06
0.00018280806341563645
0.0001947479046595607
0.0004986668796677198
8.77388533411283e-06
2.4856026218053574e-05
0.001076035676201788

1.0778055981479037e-05
9.635496004644003e-08
0.0001854831286894005
0.0001705338365924917
0.0005534656106106965
9.41521289711016e-06
1.6577655361894375e-05
0.0010536496464956565

5.7908168445934036e-06
3.639601926208463e-07
0.00017452586127955495
0.0001877533370913729
0.0005055895244873657
1.0367423797804449e-05
3.106228212222411e-05
0.001084546333339238

1.2074890557186214e-05
1.6497916485511053e-06
0.00019762555404321747
0.00016841814727338648
0.0005593159805180824
8.83758517282134e-06
2.7540636259624137e-05
0.0010245388450278667

5.477485666946072e-06
0.00016947725216591352
0.0004172539056383367
0.0004094400948987586
0.0004974312975067706
0.00034820012495837563
0.00015269663959213405
2.4123457510906124e-08

8.179972252154192e-06
4.890940780838045e-07
0.00017773556329447944
0.0001987424236185734
0.0005538275949233572
1.0449085710148783e-05
2.336343697431525e-05
0.0010272145569656175

1.4836408981197482e-05
1.6165297672254772e-06
0.00018996707942049016
0.000205036864292956
0.0005481379933987118
7.139885857241544e-06
2.2456738136698224e-05
0.0010108087849542387

8.49112975584559e-06
3.087115457409914e-07
0.00016875493354655827
0.00020841258797451445
0.0005396836057961213
7.35611706885754e-06
2.139883925414672e-05
0.0010455939072189834

7.846286290919544e-06
1.526353889053759e-07
0.00019176128674411322
0.0002009957483168881
0.0005219211307162488
1.1309478178704655e-05
1.8767205941502074e-05
0.0010472459986154879

9.950654390254288e-06
3.020881938752774e-07
0.00019075069861460256
0.00020020652570288923
0.0005263667177201161
9.186358871750088e-06
2.5350313598032087e-05
0.001037886023215258

8.594653657746685e-06
2.5642065280116934e-07
0.00019918020644369748
0.00017805766464794895
0.0005421590818259321
1.3665020284946939e-05
2.0981760824602824e-05
0.001037105281445087

1.0596185673166388e-05
4.955581519527482e-07
0.00019281677010871378
0.0001867313789420927
0.0005178118566695625
1.0916213060677955e-05
1.845082042791667e-05
0.001062182253664661

1.0934838506300329e-05
1.5545887684813074e-08
0.00018846361374697234
0.00019591420874991438
0.0005156871397226404
1.9601207610593014e-05
2.6094243822949188e-05
0.001043290103847692

1.2616025602214905e-05
7.064288576774252e-07
0.0002080911932230306
0.00020082459721035813
0.0005073407370118606
6.163830325030698e-06
1.8266102607661755e-05
0.0010459901745049495

6.644470445285902e-05
0.00013102592139349956
0.0002561862464079219
0.0006080794964794209
0.0005240381631433268
0.00024226924696008368
0.00016753365785331917
4.422889262327611e-06

4.035612718179496e-06
1.667184734198467e-06
0.0001851008299291515
0.00020304250263539095
0.0005175635783785963
1.3846809417261236e-05
2.1165296338881712e-05
0.0010535770650471278

0.0006890111998625614
7.91911108944305e-06
9.116364415369198e-05
0.00016250700170523274
2.7968489482949572e-05
0.0001028982518657773
0.0005533435728131707
0.0003651876647959598

9.98849759748703e-06
4.0492887379022197e-07
0.00018808929396456155
0.0001949564084973334
0.0005035643194724259
1.386412188091023e-05
2.4940377294343393e-05
0.001064191665625921

0.00010638039164317825
0.000979949580779897
9.652739024294407e-07
5.547414999528282e-06
0.0005874195930902925
0.0002558127340134947
9.763354124051729e-06
5.416064434391366e-05

1.0787160743294442e-05
2.5569649281585136e-07
0.00017885582042376664
0.0001826629733385781
0.0005401616175464296
1.257793136298725e-05
2.8075494152780094e-05
0.001046623779598103

9.940716048255783e-05
0.0009169883871764111
1.6052910894533368e-06
6.881991060470263e-06
0.0005149906967587605
0.00040179515716575685
2.013458841177892e-06
5.6317706130180054e-05

1.0391340911319539e-05
3.63798330624128e-07
0.00019920419116921118
0.0001933661195215759
0.0005584405858158307
8.581547858012401e-06
1.946325000739005e-05
0.001010188959518805

5.028239660054364e-06
5.139859115791322e-07
0.00017852702218043289
0.0001863184930224638
0.0005574222702204768
1.957270655517086e-05
1.3248663931388407e-05
0.0010393676466892183

7.544341295041366e-06
1.9138246731979366e-06
0.00020404038153515932
0.00020015337554396686
0.0005147349787559453
9.885023417584933e-06
2.3983127585751264e-05
0.0010377448341281203

1.0529616748516046e-05
5.727081563885611e-07
0.0002064403874965001
0.00018907559796656458
0.0005029463174849557
1.507542449435153e-05
2.4586087253526485e-05
0.0010507744324879504

7.860072040640044e-06
3.2714342056729224e-06
0.00019647421838456033
0.0001856878326532502
0.0005720841068832136
1.476243049269737e-05
2.1209760369980222e-05
0.0009986518935527148

7.741163435050872e-06
9.883457799616675e-09
0.00018645281401974049
0.00018675460207162185
0.0005491771411536435
2.2126505799393557e-05
2.3497650851594115e-05
0.001024238260483961

0.0001712693124395802
0.000803653332514236
3.4444999301640814e-10
1.8403594578874156e-05
0.0006737840258912867
0.00028831076152260963
6.585846778474475e-06
3.799146047973767e-05

1.5572594884271593e-05
0.00012710478385499912
0.0003015584335040181
0.0002747361532778296
0.000673329050316511
0.0003659041874634326
0.00023605320021411169
5.742275661577556e-06

1.0538325628339478e-05
6.827251381580089e-07
0.00016781857307954264
0.00020405699098482256
0.0005584532677995735
1.1502197558797344e-05
2.547746739545409e-05
0.0010214692345881019

1.2280578951015957e-05
3.1249999366418217e-09
0.0001806257392198822
0.00020086135685561284
0.0005487035364672455
1.6402951355436436e-05
1.8351064669939184e-05
0.0010227731848016647

9.673013853883342e-06
1.6799444659397684e-07
0.00017038086029759326
0.0002034212043577129
0.0005362564525696055
1.3770364778811119e-05
1.6223408121076607e-05
0.0010501076891814682

0.0005758275958773158
3.866369969610827e-06
6.279117341493298e-05
0.0001496187193045377
5.038598043644352e-05
0.00016033311828730738
0.0006251967893743742
0.0003719807179702332

1.5916847877291998e-05
1.3112281534153506e-07
0.00018904854157511313
0.00020185640963543848
0.0005554095057972847
1.2877556866912456e-05
1.1409863690669377e-05
0.0010133497788967208

9.39518885151614e-06
1.5227472671268814e-06
0.00017128452974527166
0.00019355646100371676
0.000551550329715528
1.635119079048586e-05
2.3132283763001796e-05
0.0010332088540600853

1.2148663441690492e-05
2.2816751737399083e-07
0.00016907577360405338
0.00019065682615250577
0.0005314268785775232
8.65849024245242e-06
1.981522833625382e-05
0.001067991103346889

1.0996148179057303e-05
8.582224325998685e-07
0.00018076761297700577
0.00019094716441661925
0.0005173641848386389
1.0667053705729566e-05
1.9110515614541608e-05
0.0010692893095925681

1.1053763073889184e-05
1.782761435855194e-06
0.00019025565851063926
0.0002033982426941784
0.0005175147437555865
1.889256934496038e-05
2.249065941601048e-05
0.0010346123342236306

6.1538416752332135e-06
1.656199966421179e-11
0.00017877329352743987
0.00019092738969702023
0.0005625167770831874
1.3930809079558176e-05
2.7921207483908194e-05
0.0010197776277743984

8.930359186940386e-06
3.661759145759234e-07
0.00021262111330718823
0.0001971065972517391
0.0005135992226189722
1.7308789331070914e-05
2.136120438490975e-05
0.0010287057588553841

5.8794318679967675e-05
8.069992262183994e-05
0.00036892331272022087
0.0004265092354026884
0.0005909518978766763
0.0003368382558127332
0.00013139578104800077
5.8891632725994664e-06

1.0186782641466878e-05
2.152860918351568e-06
0.00018637587879930033
0.00018016203279728367
0.0005535897663141793
7.041996345226218e-06
2.1402976974062827e-05
0.0010390879598048892

9.093879337625075e-06
9.611481485130889e-07
0.00019176995692993747
0.00018311657107938158
0.0005165080434659971
9.441028680586755e-06
2.2191345342078957e-05
0.0010669186317466327

9.172215634836836e-05
0.00020301191588401103
0.00043255973819201674
0.0002490005943836082
0.0006035400695554561
0.0002187739219024424
0.00020061171097467432
7.793351841992772e-07

1.0432901038476921e-05
1.028492637147705e-06
0.00019383405452008868
0.00021275807761441136
0.0005083667008050596
1.1018701026600051e-05
1.7888482589317858e-05
0.0010446715027876848

7.927923039264394e-06
9.6188448049816e-08
0.0001846411335544716
0.0001818563580109319
0.000511323383433114
1.3777335728669788e-05
2.1701527338009832e-05
0.0010786778853482185

6.825325309619139e-06
2.62846586670886e-07
0.000191159807324308
0.00017462513079754226
0.0005484312015527671
1.4117376225775593e-05
2.070449661222425e-05
0.0010438737634438585

7.239654303218779e-06
1.2416140868267492e-06
0.00019002379134734032
0.00018651632806645276
0.0005419633339739006
1.287916175687992e-05
1.6233136598879366e-05
0.0010439026617232727

0.0005318228363294953
6.214118036011133e-06
7.10441420176072e-05
0.00016655105787324103
7.111577980615477e-05
0.00018603657647017958
0.0006189927734021584
0.0003482218224519358

7.680809526274524e-06
1.3080589254796053e-06
0.0002036100493938841
0.00018401938739107733
0.0005243514792909743
1.0213062992934052e-05
1.6675031861920107e-05
0.0010521433683961955

1.14779428392891e-05
4.278124913262653e-08
0.00019781043211746914
0.0001945070781064434
0.00048473826237211716
1.0954071875910384e-05
2.0650403119320972e-05
0.0010798179705571037

8.346061432786796e-06
9.606220925237546e-07
0.00019926226543203376
0.0002010680340054225
0.0005245296812133613
1.2242056089796996e-05
1.5929696709031493e-05
0.0010376612777638144

1.1545616647917039e-05
5.760975563198424e-07
0.00019475539388340887
0.00018228117835431885
0.0005237843024124738
1.7487865807440208e-05
2.558457669928249e-05
0.001043983579033632

9.799999801308753e-06
8.276697632193121e-08
0.000214039846302424
0.00019739677713585585
0.0004982974417052099
1.0159110676027917e-05
2.832295143376299e-05
0.0010419009575978566

9.29429761156167e-06
8.257235052587717e-07
0.000168382165884116
0.00019631502922178785
0.0005168638356087833
1.3267227349012041e-05
1.803556252233587e-05
0.0010770158512859156

8.2363476910112e-06
2.4641999500392884e-11
0.00019074081621480292
0.00017972170400421116
0.0005239869765943645
1.572402812920134e-05
1.8239735638196334e-05
0.0010633515062829547

1.0172799315750384e-05
1.0803811060956863e-06
0.0001721107883185196
0.0001871337097439356
0.0005414387375205366
1.1973471509242444e-05
2.4024757914907225e-05
0.0010520650365917837

9.536633424648406e-06
5.879706200791207e-07
0.00018409462116555198
0.00019831645845120967
0.0005426215202485561
8.62930101704422e-06
1.5115735885534236e-05
0.001041098505054126

1.0179361721617335e-05
3.739565444181741e-07
0.00017494085348514112
0.00019391749591639692
0.0005285256377343448
1.6470035684076323e-05
1.6552900914396267e-05
0.0010590392540503844

0.0006341181599434968
2.9058113190857865e-06
8.265445968621243e-05
0.00011356710539547038
4.691106925689602e-05
0.00014472414907377323
0.0005371826982368263
0.00043793567832102167

1.026801799981986e-05
8.346063510786756e-07
0.00020913113567194619
0.0001878513956493848
0.0005149338650479128
1.1801395472731219e-05
2.0259636807243612e-05
0.0010449201360066438

0.0005491436048983235
3.4726110515941385e-06
6.342710849203963e-05
0.00019609953730615688
3.942937376258453e-05
0.00013224812795071975
0.0004981097797330148
0.0005180703735463214

7.910304039621611e-06
2.126334376889384e-07
0.000193090104263172
0.0001846958293433627
0.0005153683013031049
1.0297272823226731e-05
1.726788077190032e-05
0.0010711561307307194

8.44895986070057e-06
1.2102215774632204e-06
0.00018511786669680604
0.00019803189643297905
0.0005507083219625994
1.3421772527878698e-05
2.926070727875035e-05
0.0010137996933675987

4.0712677654566034e-06
6.909531239911896e-07
0.00018739564060262507
0.00021122919622940884
0.0005383234708136977
1.1126142566421715e-05
1.671047895920143e-05
0.0010304535608059483

7.521265799509211e-06
4.804999902580464e-07
0.00019964627336024817
0.00019366847032144585
0.0005330590896424307
1.649291186561252e-05
1.6951191594321074e-05
0.001032179857544948

1.6854479658281872e-05
8.483904147992088e-07
0.00019616467354483625
0.00020775973261975085
0.0005161889513344664
1.2290924648806204e-05
1.7668615803775574e-05
0.0010322229616340742

0.0006198297674331884
1.0436966508394494e-06
3.6750315304901416e-05
0.00016988853316357496
6.138377171746751e-05
0.00011185030818227779
0.0005851520989542649
0.00041410277328622467

1.0793036823175305e-05
9.050810396498281e-07
0.0001919049893971997
0.00017430142720410523
0.0005496782108574845
1.2333293317947195e-05
2.5507724460840644e-05
0.0010345749340823888

8.703817745533424e-06
3.2478575421509305e-06
0.00017704700809243962
0.00019984853127614748
0.0005239030360660664
8.940786460728975e-06
2.995470724067977e-05
0.0010483548747470058

1.0260567543970916e-05
4.921639280215645e-07
0.0002041413263111127
0.00018751442660621675
0.0005248943725899674
6.713160055893248e-06
1.854660923197459e-05
0.0010474370424756146

0.0004326043850071116
1.081776076067404e-06
5.3328553446783975e-05
0.00014543626418933535
3.786586805028401e-05
0.00020101857397242527
0.0006284034439973604
0.0005002600236574193

6.645200193271108e-06
1.6321469449088448e-06
0.00020295584615714785
0.0001964804869944333
0.0005411827767397262
1.084245906217329e-05
2.1160358770981813e-05
0.0010191008065061208

5.792108332567219e-06
1.7867046057752474e-06
0.00019018904389598988
0.00017523436445519028
0.0005666375979696395
1.726527913795307e-05
1.6247915048579737e-05
0.0010268476577730563

9.558743184200138e-06
1.254003174575565e-06
0.00017169565252693627
0.00018117671320871142
0.0005360638441795106
1.4344114397178567e-05
1.9579038331042486e-05
0.0010663285639025961

9.858131845130147e-05
4.5101456207585225e-05
0.0002468079180380639
0.00047596596479997213
0.0006224467871321295
0.0002656388528862739
0.00020039767146501383
4.506001908642535e-05

7.939763937024321e-06
8.528179827094415e-08
0.00019213552151252578
0.00017408893864841334
0.0005659820224469311
1.6811177907159798e-05
1.5420489415355473e-05
0.0010275356475191076

4.688024354952099e-06
8.999827197531945e-07
0.00018997817456626516
0.000197351540256773
0.0005107632988624695
8.008463519631466e-06
2.094408535336668e-05
0.0010673685950975099

1.2734802973806741e-05
2.8417279423850527e-09
0.00020818410115714696
0.0001733168102540679
0.0005219436080497931
1.2328896142036347e-05
2.8258251339074762e-05
0.0010432294357309222

0.00014756136476024975
0.0010139392440907697
2.3799479837474646e-06
9.902747711225578e-06
0.0005463093092517877
0.00025895093460786883
5.908279688211888e-06
1.5047307936921584e-05

7.91860769745326e-06
9.510904787170042e-07
0.0001887006706241661
0.00020501893432531949
0.0005216534833116753
1.2715659134194875e-05
1.8910845858589836e-05
0.0010441309721926438

0.00022625053197485698
0.0009169260930116741
8.805725601467282e-07
2.6970030703192942e-05
0.0005528219077997473
0.00025703158895078285
7.0107007298607244e-06
1.2108791954498876e-05

1.3090266942599844e-05
3.301422013064931e-07
0.00019555507130719575
0.00018157181281670094
0.0005346483034722101
1.1099903782953695e-05
3.4526663499985105e-05
0.0010291791547357863

1.2325441768106383e-05
9.285463991740769e-07
0.0002143710389817092
0.00019426141398942414
0.0005183615366984182
1.1295044770997285e-05
2.4894390473275752e-05
0.0010235628218896555

1.4852950356862114e-05
5.049841897616386e-09
0.00017418218155652287
0.0001953249962398604
0.0005552514239504896
1.321937973198213e-05
1.5660251970494378e-05
0.0010315046776486372

1.3814876361908667e-05
6.52538866770024e-08
0.00017129038273515303
0.00020435863390670688
0.000512029486500798
8.606195033512688e-06
1.7271969449817424e-05
0.0010725617089422214

1.2270237609225623e-05
3.975071999406935e-07
0.0001720626819534949
0.00018838503710856544
0.0005610794198243294
1.2184541370963082e-05
1.674706175845973e-05
0.0010368719802278173

1.177406481928534e-05
9.065281816204876e-09
0.00020967344819895103
0.0001829060317796502
0.0005467149547075633
6.538189819440701e-06
2.259385227991829e-05
0.001019791909124109

8.601997273597795e-06
3.158853063955462e-06
0.00016826496286049218
0.0002040442144250816
0.0005139742890213679
1.0641654056244534e-05
2.563663052822712e-05
0.0010656773419217994

0.0006200168327413957
2.221511122959712e-06
7.740223658269926e-05
0.00021575091789773266
6.107652176969688e-05
0.00016796343982660548
0.0005577918831629828
0.0002977774166046768

9.360676948215855e-06
5.859833661194113e-07
0.0001795047374986101
0.0001779526514340781
0.000534503543755145
1.5143916270962888e-05
2.5507272730849804e-05
0.0010574418694087706

5.5564772493445485e-06
7.066227056734949e-08
0.00020200384563244926
0.00017228097452506915
0.0005413180330269838
1.039739659719676e-05
2.170902800985776e-05
0.0010466613968913403

1.4869845850519561e-05
2.154042204327618e-06
0.0001787996043829064
0.0001915569748382556
0.0005336953178375314
7.132717777386875e-06
2.1863495606725985e-05
0.0010499279945851113

9.966743095928097e-06
1.8024007634570137e-08
0.00020226326018718977
0.00020640440581722963
0.0005064244953404372
9.467980640040314e-06
2.471798198085237e-05
0.0010407377908114392

8.474457500183615e-06
3.441638410222097e-07
0.0001993329759586001
0.00021897373264839133
0.0005399059588536131
2.038018941879945e-05
1.4707496733811127e-05
0.0009978804026663565

0.0006050329881831877
1.2390241748792587e-06
8.6046111055448e-05
0.00016611501825008153
7.454664242659535e-05
0.0001389435584329725
0.0005373340402277577
0.00039074213620585266

7.902256167784777e-06
6.713180683892829e-07
0.00020258012413476548
0.00017381525567796213
0.0005428611491936977
4.238810652059735e-06
2.1621184913638745e-05
0.0010463112928364388

7.206001103901084e-06
1.6185773751839629e-06
0.00019096941220016818
0.00018195286456897523
0.0005438473097117038
1.211688554633478e-05
2.3060498814457207e-05
0.0010392292402280248

7.18920390424164e-06
4.5989378267582946e-07
0.00018205543083689573
0.00020273164468969344
0.000499935991911989
1.1260502221697625e-05
2.338159827794704e-05
0.0010729835621176686

4.764846143594566e-05
0.00013067089667869754
0.00035888407919576254
0.0004994081651066905
0.0004463367382486934
0.0003722481509348111
0.0001361407480577984
8.662701762367034e-06

7.553679718852032e-06
1.775722381997908e-06
0.00017490773060581264
0.00020034955996998933
0.0005340156411410371
8.405338997584966e-06
1.740716734507634e-05
0.0010555841366964355

6.052860215280574e-06
3.414684730768573e-08
0.00019021864895138967
0.00018764060139765855
0.0005259153622092671
1.4729114679372836e-05
2.164448136116642e-05
0.0010537628785473607

9.046469866586282e-06
2.802764823175015e-07
0.00015889913562638078
0.00020760376676891304
0.000559362518261139
9.933169150608794e-06
1.8428543788368325e-05
0.0010364457692444585

9.848499658325436e-06
2.465976270003274e-07
0.0001913057586893489
0.00016648296113662162
0.0005340611141721153
1.291353037018311e-05
1.8844004595945015e-05
0.0010662964361812476

8.271294794302661e-06
2.415124951034265e-08
0.0002023943023465329
0.00017045675598605447
0.0005565399190543659
1.7316976850904916e-05
1.5028578145301326e-05
0.001029968389869785

1.570098289966858e-05
3.9587351397381593e-07
0.0002059921256235884
0.00019264789673613758
0.0005101752373443923
9.41466400912129e-06
2.0148273391501465e-05
0.0010455244958603907

1.3559750925081235e-05
6.554372047112614e-07
0.00020205215533546987
0.0001954400168455284
0.0005340735162438637
1.385613016907226e-05
2.3628336018944523e-05
0.0010167351273880842

1.1100499774941611e-05
9.613297605094068e-08
0.00019457943519297636
0.00017319554773852653
0.0005144630943694574
1.1207739534767366e-05
2.2928825903126825e-05
0.0010724298968348939

9.808961849127049e-06
2.2281817228244672e-06
0.00018094804137334762
0.00019786578658034684
0.0005532404824012608
1.3278632378780806e-05
1.4803698011860684e-05
0.0010278252454192362

1.1629649814213299e-05
1.0695312283156634e-06
0.0001683937723638807
0.0001881101478981387
0.0005536192290335819
1.4980073746284733e-05
2.30815499000304e-05
0.0010391139085503627

1.1444634399964416e-05
1.4739191881168523e-06
0.00020139665371675985
0.0001866360570160253
0.0005118594916722445
1.2148975195684172e-05
1.636385190022916e-05
0.0010586783550337014

7.15614683291186e-06
2.8464979422883425e-07
0.00018838380947859028
0.00019915369869023494
0.0005375704251509653
1.3952182775124831e-05
1.6290485671716634e-05
0.0010372089792989845

5.887861008625869e-06
8.09628783585086e-07
0.00021543703968209644
0.00019898711891761225
0.0005104176958994765
1.2805120252381085e-05
2.6825301394127275e-05
0.001028829118198883

8.914863211254558e-06
1.7242540530414083e-06
0.00020644295773644797
0.00020400077711396226
0.0005397729571283098
9.641882782514513e-06
2.2743325626887768e-05
0.0010067577757163712

0.0005325697827703513
6.276424372747898e-07
5.156801790647816e-05
0.00016951102133122887
4.356443460474775e-05
0.00015802204863816336
0.0006726491948122948
0.0003714892371901978

9.37847277785505e-06
8.876369600035001e-07
0.00019908175796569348
0.00018917154077261933
0.0005209958936370075
7.647381636952263e-06
2.3996270105484798e-05
0.0010488414598571404

9.681082755719748e-06
4.6043984866475817e-07
0.0001754049030757327
0.0002216208473547221
0.0005673702477787852
1.1817686082400936e-05
2.4842650298324765e-05
0.000988803261490392

1.3648823923275316e-05
5.529807567885266e-07
0.00020520595681752774
0.00018646991289139383
0.000559982500974569
1.562098794129044e-05
1.7219225538886784e-05
0.0010012992684110403

0.00011054966023064793
0.0008266485180580175
2.6459902043535606e-06
1.4835030949225419e-05
0.0005764437498508233
0.000373759655654166
2.536652828570334e-07
9.486409511866676e-05

8.307347033571717e-06
9.717876782973765e-07
0.00019951991416281006
0.0002046758546682753
0.000513339797344232
1.7515555422878813e-05
2.0459812483185123e-05
0.0010352108284194964

1.0836569542292696e-05
2.342016752516506e-06
0.0001995376020424514
0.00018099857745232308
0.0005466584898787081
1.5147397150892313e-05
1.7756323991997325e-05
0.0010267215513116133

1.1592467142967163e-05
9.087436935755693e-07
0.00019952875800463075
0.00019509505659652234
0.0005238150081018512
9.74324222045949e-06
2.3299496239611623e-05
0.0010360167669631562

8.197848186591763e-05
6.249314331097542e-05
0.0002926262642291144
0.00045768527197060613
0.0005444085486103248
0.00041506799654665507
0.00014513978614534635
6.005191558247037e-07

0.000577245027688578
1.641415774720923e-06
4.237659082883082e-05
0.00015305605643484702
5.9004368091709e-05
0.00016223802590268607
0.000625398083370293
0.0003790383408031426

0.00010913324583736517
7.286042190078281e-05
0.00038235762744784536
0.000368212420086634
0.000556212909050996
0.0002955912967349995
0.000208479737861153
7.150405553028262e-06

1.0880484907402332e-05
1.6916417437026108e-06
0.00019437612105909852
0.00019987255620566036
0.0005540970553978941
1.503551374516071e-05
3.0121868847290628e-05
0.0009939259037205325

0.0006438196902288019
7.998399917835499e-07
5.806959245466122e-05
0.00011551989943587821
7.090323415446406e-05
0.00013559861062879
0.0006614800065887457
0.0003138094267256339

1.0025846204729804e-05
1.854352782403707e-07
0.00019297577733748988
0.00021852924497740313
0.0005464682039685661
1.5891165765812688e-05
2.0133421369802584e-05
0.0009957906811887249

1.0645739312161706e-05
2.676835165728191e-07
0.00018455728241017165
0.00018138143672456072
0.0005345862611934681
1.2279325223041376e-05
1.9192322810883e-05
0.0010570870587679642

9.397108041477227e-06
1.5702407681639687e-08
0.00020440466681777354
0.00019516252484315442
0.000515437340749705
1.4570951754579526e-05
3.0224060909218723e-05
0.0010307895153011369

8.61538120332644e-06
1.8205784450884684e-06
0.00022414190125560868
0.00019207477650775732
0.0005291488681197092
1.3654111475168115e-05
1.3575564812760616e-05
0.001016969004503342

7.592569838063551e-06
2.380561951735017e-09
0.00019447589385707562
0.0001962724225986517
0.0005123493151503136
1.0341233088335454e-05
1.6490732497656704e-05
0.0010624737776587505

1.3325933987821786e-05
1.4023807715672662e-08
0.00019637894782649197
0.00020979391351450864
0.0005214655582274852
1.5046960982928619e-05
3.176208015603597e-05
0.0010122140469657473

7.85405495276204e-06
1.2412576548339758e-07
0.00018754014811969523
0.00017685188286439572
0.0005271406270744254
1.1922150286282961e-05
1.9171952539295992e-05
0.0010693946041184337

2.0510010162167384e-05
1.8697911820906991e-07
0.00019624736203915978
0.00019230417021310654
0.0005294595919874091
1.2749809039502497e-05
3.20642351979099e-05
0.0010164756123193458

1.0400857781126586e-05
1.5927554877074916e-07
0.00020518161344802128
0.00020755350926393197
0.0005193088914092108
1.1368510241507805e-05
1.236126512738008e-05
0.0010336660308848165

1.1862928271483666e-05
2.465532130012279e-07
0.00020413110291931999
0.00018018124194889423
0.0005781027747291872
1.6930943784731592e-05
1.870912954267955e-05
0.0009898357359634591

8.570546714235445e-06
2.455771170210179e-07
0.00018475174896622891
0.0001844600875321423
0.000546794428665952
1.6678319183853456e-05
1.6053810972515125e-05
0.001042446686392792

5.672189934998518e-06
1.414225591327117e-07
0.00018857659636868163
0.0002109004404460742
0.0005401948784097554
8.336761768975342e-06
2.9041463419195435e-05
0.001017134446019988

1.382751212165248e-05
4.1092710366861013e-07
0.00017719342261547115
0.00019939864696526868
0.000543780564497057
1.9064014461484394e-05
2.0033213371834262e-05
0.0010262917011203284

8.379945630099806e-06
7.34364473111041e-07
0.00019375561107967904
0.0001707698582357064
0.0005282891942891386
1.6675031861920107e-05
2.7528902809862023e-05
0.0010538674058412417

1.5644681954810054e-05
3.4112719308377665e-09
0.00019660588019189098
0.00020541998434718837
0.0004975430157125057
1.4742505173101347e-05
2.1385601238415113e-05
0.001048656080788899

1.1026718784437494e-05
1.4454988826930633e-06
0.00016565767664135397
0.0002155709681273811
0.0005481819696238203
1.3685527404531167e-05
2.1931299733351285e-05
0.001022501459917174

1.0805969830913095e-05
5.217095914225375e-07
0.0002020979277505418
0.0001951337869417371
0.0005109068291935594
1.0724386840567159e-05
2.6112979920569324e-05
0.0010436974926014324

1.4251108849064219e-05
2.549281948314283e-07
0.00017770336919713215
0.0002160808016690444
0.0005331210432411746
8.962462546289499e-06
1.8153126513952303e-05
0.0010314730788952777

5.05877159543534e-06
1.603591679487792e-06
0.00019046791613833584
0.00019789095025983668
0.0005546572375545367
1.7896049309164444e-05
1.533841064101959e-05
0.0010170888056369133

7.976350046282553e-06
4.6831841050502345e-08
0.00017046142704195977
0.0002062502341403554
0.0005381201172898204
7.821752579416957e-06
2.014024459166424e-05
0.00104918329546621

1.3737193979483649e-05
2.2429619545248043e-07
0.000193527841598297
0.00021383576024256175
0.0005178444221729024
2.3002979583623382e-05
1.4899522385917881e-05
0.0010229276550385328

5.873328842920505e-06
2.1669455760660072e-07
0.00019105594367841385
0.0001857268366844594
0.0005679093882378543
7.205761005905951e-06
1.75683759958079e-05
0.0010244443708477824

9.288572213677752e-06
3.065783157842419e-07
0.00016727211981062173
0.00017363959868752358
0.0005638349079304628
1.0464993579826256e-05
2.0343865059535917e-05
0.0010548490538133388

1.1534070728151126e-05
3.9340124202394024e-07
0.00017313905154767194
0.00020098814005304233
0.0005646911386391031
1.2966940537100238e-05
1.885254745977181e-05
0.0010174339864439151

1.0570579785685537e-05
9.204623993379768e-07
0.00019546627629499599
0.00020233831797966797
0.0005230169526780314
2.1815844519692097e-05
1.0038027846482826e-05
0.0010358325247908917

0.0006369231410386269
2.676372425737573e-07
8.190885110732936e-05
0.00012118161175108918
6.785927862417908e-05
0.00013956100837045392
0.0005085421657075019
0.00044375547004502753

8.808360813413856e-06
5.875279880880946e-10
0.000178002767513062
0.0001732226220959776
0.0005479495438425325
1.5168987534454579e-05
1.5556715734593536e-05
0.0010612904387147424

7.188724272251364e-06
1.305404793533417e-07
0.00022385944442333537
0.00019088537181787208
0.0005076046875965091
1.1996694958771599e-05
2.5582767083319183e-05
0.0010327517783593528

9.647160412407511e-06
1.229484847072665e-06
0.00020107437547529396
0.0001824502787508904
0.0005399246635352339
1.1618366812442055e-05
1.8630290072277995e-05
0.0010354266740651202

4.948533027670386e-06
2.1148017371232038e-07
0.00019024825631078934
0.00021009846927833386
0.0005047130441691361
1.1407144736724505e-05
1.5980071214010166e-05
0.0010623950622383463

7.609338093723581e-06
3.586377547287567e-07
0.00018871418612589205
0.00019918904275351832
0.0005475559981865116
1.5046614032935652e-05
1.5907214655487306e-05
0.00102562131453392

8.129654907174354e-06
1.3802257720164504e-08
0.00016551841072617754
0.0002207801205237675
0.0005134208607025883
9.720083394929027e-06
2.3401930007534818e-05
0.0010590159683868563

1.19889513089286e-05
1.0721227962631204e-06
0.0001861402871780769
0.00019407820230713866
0.0005282542462678472
8.664544624329673e-06
2.576949371953337e-05
0.0010440327089306363

1.0022164838804443e-05
2.6625088260186515e-07
0.00019136267007219504
0.00019550504346821
0.0005266663605220409
9.181750885843511e-06
1.634431966862517e-05
0.001050649764396478

0.00010092625715375874
8.576259442919621e-05
0.0004865260083138713
0.0002804450710520834
0.00048507703081324864
0.0002259102829077554
0.0003284145945915197
6.937948667335744e-06

7.5345736522394e-05
0.0008834447878564949
1.2730048561903134e-06
2.4003719131333774e-05
0.0005555254467849339
0.0004175243495848535
1.0759564599853942e-05
3.212402674069764e-05

7.737431045126544e-06
6.111707096087476e-07
0.00018703950840784554
0.0001712798474253666
0.0005460751907285345
9.082015353865613e-06
2.5177679489532176e-05
0.0010529965034588985

1.0452844660072572e-05
1.0919398898613364e-06
0.00021552238143036616
0.00017580552094761031
0.0005393615867926501
9.276309443926372e-06
1.5794331591775967e-05
0.0010326942917205184

1.025426542409869e-05
8.035238557088611e-07
0.00019454450250568463
0.00020412982501334586
0.0005342409583064689
1.681594570906313e-05
2.060855978216933e-05
0.0010186040427801926

1.2555102467450097e-05
1.7464049645923072e-08
0.00019877773116985749
0.0002065496368042851
0.0005214308366461892
1.3477535926748112e-05
1.7222937258811536e-05
0.001029968389869785

8.582333923996461e-06
3.5655180077104855e-07
0.00019029267166988887
0.000216884878874742
0.0005138891267990946
7.993789519928973e-06
2.1437335487366222e-05
0.0010405646701749493

7.4127486497093545e-06
5.701389004406519e-07
0.00020577395102801185
0.00019144186520658938
0.0005481107709052639
1.5621694965276107e-05
1.2057491805538966e-05
0.0010190122937579155

9.228426180897188e-06
4.822996722215586e-07
0.0001974935511958938
0.0002117403799650448
0.0005488250615447817
1.30011034884076e-05
1.6770495741984613e-05
0.0010024600128275068

1.046383623584972e-05
5.241674313727057e-07
0.00019795134961861209
0.00019408941686491131
0.0005272967094872608
1.700794983317032e-05
2.2788135635979268e-05
0.001029879406417589

4.955897581521072e-06
1.666772786206819e-07
0.0001817827889624235
0.00018795193223934649
0.0005330281141930588
1.0046531046310424e-05
1.9576663795090628e-05
0.0010624912703703958

6.395126288341261e-06
1.9441353285834e-06
0.00019858862017369167
0.0001866336131840749
0.0005320002402218986
1.1162869135677097e-05
1.8934579616108638e-05
0.001044341964818366

9.477340295850549e-06
2.935771878478348e-06
0.00018804758956540702
0.00018740666040040162
0.0005414616312700724
1.5256201532686348e-05
2.059881597436689e-05
0.0010348137312195475

9.687484621589956e-06
7.761799842632476e-07
0.0001916052569152767
0.00018530288778105484
0.0005398145184074672
1.2006300556576846e-05
2.007967879489219e-05
0.0010407291344376147

8.093481827907752e-06
5.6264830859252066e-08
0.00018839731362831655
0.00020102871912421958
0.0005238579975789794
9.461101490179787e-06
2.4859593737981246e-05
0.0010442465819503

4.9044607005639354e-06
4.608647906561427e-07
0.00017656058522030167
0.000210156813667151
0.0005466982240839025
1.3893111150322486e-05
2.3691855361656695e-05
0.0010236343620382048

7.826255891325654e-06
2.465424150014468e-08
0.00019148270659976135
0.00019252997760852832
0.000552306794820191
1.5750994752654604e-05
1.5140783821026399e-05
0.0010249368295417978

7.483782330269176e-06
1.3932864437516504e-06
0.00020546229041233064
0.0001919570329401446
0.0005148506528435999
9.366972002088223e-06
2.6583106503037685e-05
0.00104290301376754

1.2709599920317721e-05
3.113011456884883e-07
0.00017823792995429416
0.00020440466681777354
0.0005591848391127413
1.0513659818839568e-05
1.8325019310467242e-05
0.0010163130757966411

1.631901746913816e-05
6.544961867303401e-09
0.0001769518116143697
0.00019786956103027035
0.0005198756800217194
9.24908784447828e-06
1.699946692734231e-05
0.0010627303518615486

1.0246819960249645e-05
1.3875911718671197e-08
0.0001805728513969545
0.00020555973913035494
0.000544677795598866
1.0966212385664238e-05
1.583523640094664e-05
0.001032125260324055

8.065261854479902e-06
1.944391960578197e-07
0.0002008055849207435
0.00021314964720647246
0.0005407667095481618
8.768322560225612e-06
1.9505099654541564e-05
0.0010087453332760744

0.0005963717721007904
7.036500837337636e-07
1.6846035116453078e-05
0.0001327515837585124
4.5612267653228726e-05
0.00020727011934967756
0.0006450526097138051
0.0003553919359945645

7.404471281877176e-06
2.1965191554664143e-08
0.00019820437203148215
0.00019591170490996512
0.000526099984245524
8.806237293456906e-06
1.5732896179021544e-05
0.0010478191824678667

0.0006694471340452153
3.994928417004354e-06
6.981762242647441e-05
0.00015434678807267792
2.5263473249792746e-05
0.00010174379854518339
0.0006120294887833361
0.0003633593628750279

8.56583409833099e-06
1.8271072429560995e-07
0.00017225162607566419
0.00019365975732362246
0.0005358050164347582
1.1411676506632626e-05
2.1799972376013895e-05
0.0010563252895914085

7.351266108955892e-06
2.385364771637642e-07
0.0001941691741752943
0.0002045811743341949
0.0005391185780315769
1.3575235262767297e-05
1.7250787908246872e-05
0.0010237144899725803

5.227531144013805e-06
1.806900463365784e-07
0.00018199147436019248
0.00019408941686491131
0.0005569641202997656
1.3704394290148648e-05
1.7079585495717935e-05
0.0010307636707036609

6.611349915957408e-06
7.226424053487015e-08
0.00020882211202421152
0.000194202826704612
0.0005614163341394985
1.8983260865121643e-05
2.0177190318915186e-05
0.0009897147369759122

1.0133754042542012e-05
5.557111107331698e-07
0.00017544162710098814
0.00020260940520417184
0.0005168862037783299
1.2265538439320901e-05
2.1637407899309825e-05
0.0010604689016673987

8.824826773080013e-06
7.97601783828929e-09
0.00018764305181360888
0.0002079428416160384
0.0005415490482203003
8.823232621112334e-06
2.7907503186186043e-05
0.0010173027537825757

8.767263184247092e-06
2.1916171735658e-06
0.00020128243111907572
0.00020407360111048578
0.0005228594598072245
1.922446713823128e-05
2.386369609417269e-05
0.0010177392777677254

0.0006617560833831484
5.020019898221016e-08
2.8493141184312464e-05
9.830532523889714e-05
2.3126691709115172e-05
0.00011931612258091124
0.0005623534448404989
0.0005065976116169271

0.00011998434654536327
0.0009757737464585605
6.101921656285872e-07
1.3208771752197204e-06
0.00048193222960700834
0.00038669679575187033
1.1849685217752164e-05
2.1834230007319334e-05

6.486985750278845e-05
3.2071326197766123e-05
0.00045535187019991505
0.00036295880867314893
0.0005532446899851755
0.00034391402168527474
0.00018015122809950275
7.4366328172251126e-06

7.148970593057355e-06
5.037772717861085e-07
0.00017129506519905809
0.00020566234168827466
0.0005039698385042043
1.0905281706899584e-05
1.8839733890031605e-05
0.0010816763058474265

7.211764655784229e-06
1.6865270078063096e-06
0.00018257715549831804
0.00021477064326360737
0.0005541623252145708
6.422297647790372e-06
1.7350491410225424e-05
0.001015816992062699

9.542434758530783e-06
6.958688038915261e-07
0.0002036547215029784
0.00019792744043709685
0.0005386700903286699
6.857610132964576e-06
1.7200672939262936e-05
0.0010254523200113467

1.2446001739662074e-05
1.7020124654923482e-07
0.00017537410524435707
0.0001719371677460397
0.0005754584907647992
1.4487083468279924e-05
2.0590292032539702e-05
0.0010295378604785134

9.347819722476528e-06
1.6496767665534344e-06
0.00020551357633129082
0.00019236619201184904
0.0005137431508340541
8.382793992042058e-06
2.075540086119219e-05
0.0010482419336352957

1.0916213060677955e-05
6.844499861230383e-08
0.00019136143277822013
0.00017842903907041948
0.0005466396689170898
1.1314291362607071e-05
1.8759457221659182e-05
0.0010425102196635037

1.5118517965477829e-05
3.284997053397941e-07
0.00017535870734266927
0.0001795071342025615
0.0005563036183231569
1.377600779269671e-05
2.701092219036388e-05
0.0010325965681064996

9.763074650057396e-06
4.61568310641879e-08
0.0001768554512623234
0.00018455728241017165
0.0005343918853654089
1.5600491205706006e-05
1.7209205893089928e-05
0.0010615760118849523

8.048505774819622e-06
1.1412582968614245e-07
0.000177186279039616
0.00021269415544970734
0.0005184063382895098
1.7653956250072783e-05
2.5885404987183316e-05
0.0010400136653641206

7.831261091224177e-06
1.6076717754050694e-06
0.00018933026881940118
0.00019725982583263248
0.0005343774119837024
1.0978063265423965e-05
1.8054559921950704e-05
0.0010405617849530077

7.151840656999166e-06
2.4584071501567353e-08
0.0001861622531536315
0.00022452638194581348
0.0005168089339718965
1.3510063168088637e-05
1.7957019685928293e-05
0.001033861583920852

9.297297333500854e-06
3.002720119120998e-07
0.00020539306457373417
0.0002173962628643739
0.0005138303284302866
1.4740101303150082e-05
2.3116799731315727e-05
0.0010159253218525025

5.724499883937954e-06
1.3907537718029992e-08
0.00017269799230661424
0.0001872524127155289
0.0005484730948319178
1.2393046796735715e-05
2.533320371837898e-05
0.0010481116245279378

8.743809078922615e-05
4.7496701087022544e-05
0.00029690446803037543
0.0003758358224300725
0.000716883365465464
0.00022549775535011924
0.00024641041907612295
3.5320330803893797e-06

6.751930391907194e-05
3.3165485479582464e-05
0.0004155510295268618
0.00043019675401592537
0.0006214095739631586
0.00031380625783769816
0.00011699348427000184
1.357726022472624e-06

8.317404119367813e-06
6.406052050119745e-07
0.00018327273873421535
0.00018607073680548694
0.0005551355115628397
8.857006238427584e-06
2.0796169260365623e-05
0.001036909421865058

1.3069240873026142e-05
7.135886275322634e-07
0.00017659267563765102
0.00019868190368380043
0.000538738597205281
1.4592810826136339e-05
1.8779219619258503e-05
0.0010388313729880912

8.024417765307997e-06
1.6508257665301389e-06
0.00018759404653460244
0.00020684539747828866
0.0005544487156407645
1.272842009393615e-05
1.6743401678533932e-05
0.0010119636454348241

5.006602076493058e-06
1.0020868916830716e-06
0.0001655863099308009
0.00018861467422590962
0.0005682291576313713
1.5463721208478965e-05
2.649509867082201e-05
0.0010296009991572336

9.543539974508378e-06
4.08246471722959e-08
0.0001937369364100577
0.0002024286602238363
0.0005292147092703741
1.0040578428431113e-05
1.56967302437548e-05
0.0010392984423066216

1.4239968511290083e-05
2.6451173243712576e-06
0.00017551627164147474
0.00021662941269592152
0.0005424465203641043
9.280396133843517e-06
1.7860121639892866e-05
0.0010213834775498407

6.780999830517822e-06
9.72846030275919e-07
0.0002111382105112535
0.0001979765187381018
0.000541128678956823
1.1045735488051935e-05
2.0194871982556694e-05
0.0010107604431092187

0.0005748793202565417
2.1536425363357216e-07
5.605087579158993e-05
0.00011922137240083227
1.8799380226849755e-05
0.00014814757144636462
0.0006419011382356999
0.0004407853742632451

0.0006554460783930813
8.595178097736052e-06
4.556274752623273e-05
0.00013356592484400193
4.5713202785182303e-05
9.862927952232906e-05
0.000602198239040661
0.00041029116148150364

5.274671943058043e-06
7.500064347939065e-07
0.00021448236670945208
0.00019857727637592168
0.0005513003899745955
8.147771692807044e-06
2.129387528027482e-05
0.001000173140169872

4.6732969694506915e-05
0.00010313791739691818
0.0003502275792112698
0.0004238681749442349
0.0005347786039755684
0.0003625380387476799
0.00017796816279976358
7.476070968425521e-07

5.957516047213641e-06
2.07631437790352e-07
0.00018195527756092628
0.0002043317837692512
0.0005356725208214445
1.419309187424049e-05
2.0937127287507753e-05
0.0010367452597023863

0.000580272551133196
2.592364447440802e-07
4.924965485948209e-05
0.00012802002141244304
8.688446060645078e-05
0.00015271100815384268
0.0005720627139236473
0.00043054188072892804

1.2809281422296718e-05
1.615323347249937e-07
0.00018873876100539383
0.00018324731155673087
0.0005798223329563239
9.09037326369616e-06
2.6579878509103125e-05
0.0009995509291424872

7.622667237453337e-06
5.204828374474096e-07
0.00017480838078382695
0.00019087919310799737
0.0005574391641401342
1.4481977378383448e-05
2.724805001555621e-05
0.0010269995690199765

1.1475518775338244e-05
1.149984858684497e-06
0.00018586826063359208
0.00018971814028153724
0.0005492400243923687
8.77891984001076e-06
1.4299772208077586e-05
0.0010394685738771721

1.1511906614600497e-05
1.7880199637485792e-10
0.0002205223698009933
0.00017867404727545206
0.0005151185795741679
1.0675526983557773e-05
2.0328134565854847e-05
0.0010431716582120936

7.868851090462054e-06
5.115520876284771e-07
0.0002008651597695357
0.00019478660053277616
0.0005273624353099284
7.304536563903315e-06
2.375458809638481e-05
0.0010375460331261508

1.5954338126531897e-05
9.376281609899476e-08
0.00020263741516360386
0.0001954987904383368
0.0005263831342957832
1.0066669627902122e-05
2.3417509223218954e-05
0.001025947885767299

8.824826773080013e-06
7.146468035108093e-07
0.00019615966268093782
0.00019403708503397228
0.0005550933646036945
1.4201517224069669e-05
1.6169054464178604e-05
0.0010147995442253272

1.2256142799511395e-05
2.4455219984179766e-06
0.00019883069837678364
0.00018596216659768817
0.0005267074141212086
1.9917684468176564e-05
2.3896040013516927e-05
0.0010299856129174355

7.431755377324002e-06
1.3143064233529402e-06
0.00020108959541098535
0.00015358766026406893
0.000557578548745308
1.774577247221125e-05
1.2702904574453468e-05
0.001048548915989072

6.319352913877536e-06
4.819891422278545e-07
0.00020449419009595853
0.00020523798976687828
0.0005325532700026862
1.3677587340692149e-05
2.2816324499407745e-05
0.0010144177766250673

8.721506415174792e-06
6.529959067607578e-08
0.00018241766042955172
0.00019946811845386017
0.0005156160525540817
1.5553893622650756e-05
1.7094004653425597e-05
0.0010610660867452911

1.358578284655345e-05
5.782720202757558e-07
0.00019371452799451207
0.00019213552151252578
0.0005417384758184596
1.1590335517010378e-05
2.3077682654108808e-05
0.0010235799912973072

6.431367567606482e-06
3.749964903970896e-07
0.00019428510071894386
0.000188380126612665
0.0005294328373379518
1.3105480936291382e-05
2.4768256809833064e-05
0.001043220769001098

1.3876446950660344e-05
3.790055043158084e-07
0.0001871410511037868
0.00018931796193965075
0.0005342781712177143
1.7656587004019453e-05
1.6166536970229648e-05
0.0010411850857723706

8.145218812858804e-06
1.2139635133873541e-06
0.00020276985208891884
0.0001868744074611928
0.0005002920324887704
1.3056633343281752e-05
1.903317523210965e-05
0.001068613793072264

