8.998894215370251e-05
1.4491169576964149e-05
4.847190306863352e-05
0.00025153906432001503
1.6737181140681155e-05
8.879488150539769e-05
0.0009988271860588787
0.0004911475438291859

6.407913733631488e-05
1.9831954885674506e-05
5.628884948374551e-05
0.0002552679913579164
1.8023030448854298e-05
7.938757819391438e-05
0.0010143466004887726
0.0004927762912803387

6.669939967964968e-05
1.9249182441812317e-05
5.07657258333237e-05
0.00025663167911167385
7.40641878275581e-06
0.00010259453633028623
0.0009915389879445293
0.0005051150254834905

6.628367815118775e-05
2.2909557924318345e-05
6.545323938228439e-05
0.00023266431598582425
1.18496856991974e-05
7.84745437093298e-05
0.0009627030236455804
0.0005596608515917572

0.0001955038007974312
4.736795859616301e-05
3.594738544370007e-05
5.811663363294961e-05
1.5592720735385946e-05
0.0002887665668457715
0.0004317657996364853
0.0009269391744596161

7.243579367441255e-05
1.7336337570876835e-05
5.524488112449579e-05
0.00021310395419567792
1.943800484565575e-05
8.721492772723814e-05
0.0010113804849083978
0.0005238436888407077

5.868052939442756e-05
2.3826135702975057e-05
5.7985109148272466e-05
0.00023226065840960787
2.2744606224960796e-05
8.463814703478841e-05
0.0009900018100892404
0.0005298610143771891

7.676772701058797e-05
2.4860486668029016e-05
6.271890406862768e-05
0.00023773546880704628
2.211136308207129e-05
8.469411103592754e-05
0.000971495351646546
0.0005196167341686692

7.381173726441953e-05
2.9651969891558463e-05
4.9494131695440724e-05
0.000246357079062537
1.714470548697621e-05
9.529755753175806e-05
0.0009892083500570898
0.0004990364748057632

7.067446608656116e-05
1.7759716939494616e-05
5.04444094767834e-05
0.00023373652395764874
2.6179754374882383e-05
8.971848182619735e-05
0.000989180219016517
0.0005223053765533959

6.482016288739826e-05
2.1760318170925856e-05
4.496040962715795e-05
0.0002415416957985211
1.5789000723381178e-05
7.529916398269575e-05
0.001031056637004901
0.000504771339074495

7.740381354353533e-05
2.457012498811878e-05
5.810163368064429e-05
0.00022285289580811516
9.117630907587107e-06
7.721978564378951e-05
0.0009989826643520435
0.0005317527296716943

6.936620692393187e-05
2.8882619755898533e-05
5.241221244483753e-05
0.00023333193694141343
1.0157685718757163e-05
9.13926624382749e-05
0.001016281751886162
0.0004981756772782419

0.00028681072327996085
0.00020370323647432863
6.348696107026128e-05
0.00016732071556777153
2.5080833022514108e-05
0.0006412033952295353
2.501189830911096e-05
0.0005873805972039858

8.523825200700339e-05
1.8916292403036422e-05
5.5157826644723824e-05
0.00022014930573108427
1.34031018108168e-05
9.882213360349994e-05
0.0010157030082123817
0.0004926095233889441

7.255688139887725e-05
3.0444755901695426e-05
5.156930460168035e-05
0.00021924515376068056
1.863646830134067e-05
7.893715538474615e-05
0.001023325368101533
0.0005052859072769688

9.080873162638911e-05
1.56790176811425e-05
5.175638443148833e-05
0.0002291550267623935
1.5464073562767365e-05
7.008917903464778e-05
0.0009782144339993114
0.0005488313699893258

6.883905265120177e-05
1.9638052961727676e-05
3.6195566304751744e-05
0.00024244748810295822
1.4122418209458305e-05
7.584889467188536e-05
0.0010044348623030215
0.0005384729197604822

7.002853870741348e-05
2.3664871939692573e-05
5.9676143552693044e-05
0.0002261913490220686
1.637615662133259e-05
7.856568880118503e-05
0.001007061502100486
0.0005184348704646127

6.929620061050691e-05
1.8940808097535432e-05
4.861585718956366e-05
0.00024224002198873533
1.120654227810638e-05
8.921595068796846e-05
0.0009694668757012567
0.0005510169358578127

7.792167803607636e-05
2.4131848541197766e-05
4.9780222525264025e-05
0.0002385898906184378
1.5674768001055996e-05
6.0403148821491044e-05
0.0010195177661040302
0.000513980393189943

0.00016728369476701796
0.00010139855651394236
2.059597530122595e-05
6.092534622012025e-06
2.5714131165404738e-05
0.0002665215502269798
0.0005773525033438665
0.0008350429235590909

9.7326074799048e-05
5.302852152738235e-05
0.0002306019918938461
0.00024060568771546887
0.0008133940205244326
0.00019629373330751006
0.0003240591982781443
4.4691531359684994e-05

7.848484441553946e-05
2.001400285738004e-05
6.425969231599003e-05
0.0002094947654822138
1.2201094720350243e-05
7.884261821282187e-05
0.0009990533403034818
0.0005376492535217167

5.996738714862123e-05
2.7974167147407206e-05
5.449687119127024e-05
0.0002251057428239713
1.4431985911759477e-05
8.117065318020843e-05
0.0010112866193764873
0.00052556674144978

6.991556322311388e-05
1.5148442108342765e-05
5.33135338071837e-05
0.00023124080650684903
1.8080032850014565e-05
9.184383874145848e-05
0.0009658081747967849
0.0005546467277396961

7.626699612039571e-05
2.9444850391342594e-05
5.703212853887477e-05
0.0002165425446396696
1.1711845390391695e-05
9.22308319273356e-05
0.0009909954902834663
0.0005257759128540377

7.672384764969482e-05
3.084680958987913e-05
4.961250100985011e-05
0.00022146642601989395
8.585216822749953e-06
9.242334380325414e-05
0.0009726805381206702
0.0005476606730354966

7.808756963945304e-05
2.1306260025683615e-05
6.203087435062299e-05
0.0002363240048283163
1.099229321574539e-05
8.876117158471154e-05
0.0009817227764327226
0.0005207754496482546

8.185300928409762e-05
2.638380200903572e-05
5.95849732628373e-05
0.00023168577961390637
6.24112621503657e-06
0.00010497178934467463
0.0009805713031912848
0.0005087096121466575

7.505797787978646e-05
1.2526912582982188e-05
6.234192488695435e-05
0.000215217863268706
1.5825272740119486e-05
0.00010327058361404701
0.0010074986625253843
0.0005082598438835026

7.011763662722702e-05
1.0856895588989405e-05
7.039802742493431e-05
0.00022170741413079918
1.3317120271066669e-05
8.983712902861238e-05
0.0010188239014599068
0.000504942162727972

6.552706943178718e-05
2.6335125536044922e-05
6.584457739024997e-05
0.00020828091076750607
1.0501193255749174e-05
9.606221315532243e-05
0.0009926264302546639
0.0005348220627341699

7.133166808393834e-05
3.82797855971755e-05
6.727919121145116e-05
0.00016538151056629942
0.0009158918148207498
0.00018561228154009176
0.0005374045573887359
1.8818776391051508e-05

6.039272211127883e-05
2.865618058328942e-05
6.140760249993645e-05
0.00021205937808441586
6.044721275038796e-06
8.885979112071893e-05
0.001010487516618222
0.0005320931012486225

6.482376349747156e-05
2.6153217750342234e-05
4.241852477541852e-05
0.0002464806352890519
1.9657876162131177e-05
9.754414665748683e-05
0.0009622951153952776
0.0005406273847823358

6.422313092524584e-05
2.2301453271940525e-05
4.867886523284618e-05
0.00020264378956676388
1.8652689037670843e-05
8.445228191900517e-05
0.0010543291729026077
0.0005047190929054314

6.913323788918984e-05
1.9568750510317047e-05
6.46057471150339e-05
0.00024343032721296367
1.8055320759511558e-05
9.129862915636087e-05
0.0009781277150315462
0.0005157805969805856

5.9780522304817635e-05
2.105023735647234e-05
6.184152255676879e-05
0.00021851074333573175
1.8562406219833154e-05
9.037031108746519e-05
0.0010171059619849387
0.0005127766046454401

7.963960842304441e-05
1.9154725381889666e-05
5.079377002589455e-05
0.00022975387312658286
2.5039639837675635e-05
0.00010084181428461001
0.0010051323175812178
0.0004896441940165856

6.613520939616572e-05
2.6757710322646532e-05
5.4074450900671975e-05
0.000189146945418039
2.0445251314158003e-05
9.876079218825134e-05
0.0010072687156707037
0.0005374107777868627

6.829912462221167e-05
2.402958157711615e-05
6.372807134716903e-05
0.00020985222412948977
1.1972853011704442e-05
8.953981166456057e-05
0.0010020976026054473
0.0005304788511897649

5.827220168411616e-05
1.3827845281462348e-05
5.920309440706425e-05
0.00023207939935591837
1.9599624470945474e-05
8.412545864035276e-05
0.00099517551865855
0.0005377156213950675

7.10931563350835e-05
2.618661948502212e-05
6.513956500789963e-05
0.0002301757017171691
1.0088533263349582e-05
9.066304133342362e-05
0.0009723792928505384
0.0005342740580930154

8.847153045881598e-05
2.2916836338466497e-05
7.701007262552085e-05
0.0002582087946977757
2.0273730660666736e-05
6.768918729979654e-05
0.0009493428059156365
0.0005160853393867884

8.668448845244119e-05
2.2331875576559762e-05
6.808271540380673e-05
0.00022291432034536544
2.0475999394783868e-05
8.876622766481445e-05
0.0009665198967952718
0.0005242245245924596

9.649576139614718e-05
2.7313454643958566e-05
5.155902824947118e-05
0.0002200643795213556
2.2174074501347764e-05
9.018504683569418e-05
0.0009507046868793572
0.0005415032795101643

8.053288608922685e-05
1.862295641106564e-05
5.1026069006622935e-05
0.00024911776315273
1.8106664770556652e-05
0.00010605960120681675
0.0009262367364213182
0.0005502970234331588

6.849885010627703e-05
1.912850680735599e-05
5.3144521281743484e-05
0.00021419560148789812
1.5274024510898963e-05
7.72771725509576e-05
0.0010365206799161201
0.0005159593682802244

7.161977190780262e-05
2.8840815037047606e-05
6.864253659720174e-05
0.0002242048515416339
1.7203641382175836e-05
8.897702566910519e-05
0.0009849735142008905
0.0005155409295357073

7.199950085753191e-05
2.728915275546391e-05
4.575796605939201e-05
0.00021614260952752896
1.4456461016257662e-05
0.00010038246835526016
0.0010060966786408472
0.0005178749743032161

7.166292398668097e-05
2.9524500600963857e-05
6.84929281221565e-05
0.00021435402364512274
1.1471883625507333e-05
9.087522569174257e-05
0.000985666988945006
0.0005279500631962922

6.403045967132407e-05
2.4958695550028036e-05
5.1778264655933675e-05
0.00023086420671718347
1.9069483020154578e-05
8.741216897925294e-05
0.0009955028507132127
0.000526383155682398

6.980118439878573e-05
2.541340086928345e-05
6.0892125527444056e-05
0.00022883424772986413
7.257233435719179e-06
8.304279733831546e-05
0.0009786816636028215
0.0005460773030372674

8.122465290330758e-05
3.1840261898100605e-05
6.958166047431736e-05
0.00023102051955036515
1.2979182992188038e-05
9.703686669716125e-05
0.0009317217221649637
0.0005445943231670818

8.502286070861916e-05
2.0932626476078396e-05
5.5337992326391043e-05
0.00020123802814614998
1.6765002613247454e-05
8.926833746503478e-05
0.0010019164017057588
0.0005295192993862335

7.505565320973913e-05
1.5761646472824393e-05
5.053084183054271e-05
0.00020649823015522002
1.5648220550515635e-05
9.487368193113016e-05
0.0010315909004397757
0.0005100419304137764

8.45024289220259e-05
2.789333099976181e-05
5.685596762928906e-05
0.00022360526087342945
1.3472611524231651e-05
8.812945590585312e-05
0.0009706898375361501
0.0005348510217347594

7.20458038844744e-05
2.456746494806463e-05
6.215421400313355e-05
0.00020462084336500628
1.5761291378817162e-05
8.353664795836767e-05
0.0010567149053571688
0.00048059797220045207

7.271238733804254e-05
2.8529439030709625e-05
4.338103034101006e-05
0.00021680717843105613
1.8088400770184895e-05
7.357294710555901e-05
0.001034759106424264
0.0005121489253126638

7.234295216052277e-05
1.7903618356423694e-05
4.596633374363327e-05
0.00021632411320322346
1.8877022592237094e-05
8.132141370527711e-05
0.0010138680847350324
0.0005333957692251381

7.792246757809243e-05
1.8626816451144208e-05
3.7973822470947695e-05
0.0002352993767914602
1.5819224513996375e-05
8.623870796336742e-05
0.000996897436453599
0.0005312207305648657

7.336901554140804e-05
1.6096845065647274e-05
4.8326297033669746e-05
0.00022052237876067814
1.7854830813430635e-05
8.913739935236957e-05
0.0010019107394416437
0.0005327824291666537

6.04914643692887e-05
2.099077604526202e-05
5.647354003750484e-05
0.0002238487477583855
1.1209536678167327e-05
8.425676872302553e-05
0.0010114345306754982
0.0005312928853763344

6.704536229269166e-05
1.9533947565608637e-05
6.0225323025871446e-05
0.000211330611989582
1.6871375775412653e-05
9.010097583598292e-05
0.000993968241913976
0.0005409248182103899

9.114656873726571e-05
1.6205760841864227e-05
6.705708069293017e-05
0.00020336763742149764
1.231414042865126e-05
0.00010336149721589754
0.0009824571582556707
0.0005240893734857087

8.92277786162092e-05
1.986622485437206e-05
7.192059231192575e-05
0.00024419706392257045
1.2675186020000254e-05
8.595819094165758e-05
0.0009621369701460583
0.0005140189215047272

7.413098266091768e-05
2.3895603758389066e-05
5.4013300237427286e-05
0.00022331913259560532
1.5654589886645277e-05
9.276502980020908e-05
0.0010047211866028496
0.0005114993785894424

8.000800182854296e-05
2.517588534444888e-05
5.543051601027434e-05
0.000199907972119077
1.352190152523494e-05
9.09613631394959e-05
0.0009968127171718748
0.0005381803111965261

5.5662496990996266e-05
2.0706532423476307e-05
4.450636215591592e-05
0.00023563151889422092
1.188203640985589e-05
8.355218102868383e-05
0.0009622618205785998
0.0005857970567257533

7.117613725677255e-05
1.8441985727382028e-05
5.773813773724542e-05
0.00024632759863193695
2.0868836826779977e-05
9.026235879926783e-05
0.0009396066552934594
0.0005555781738066553

8.147554345041439e-05
2.2241514502720487e-05
5.256514139195037e-05
0.00021943457985853617
1.4832275679907277e-05
9.143199979907559e-05
0.0009915727854652172
0.000526446772333693

6.142021934819327e-05
2.0687814471095314e-05
5.53433153344994e-05
0.00021452036443850864
2.353191616098629e-05
8.353501298233438e-05
0.0010388429465073897
0.0005021202531825328

8.066618276394007e-05
1.7839338635115293e-05
6.201819493436492e-05
0.00024357966947000353
1.8839346433470205e-05
9.346845142452707e-05
0.0009823029713625323
0.0005012868371015686

7.117085521066503e-05
1.928373089051554e-05
5.4369510874677855e-05
0.00020881178057231177
1.1513727986359064e-05
9.471344883986867e-05
0.001038090662538077
0.0005020481032770641

6.637619130307085e-05
2.2974247835635092e-05
5.9034604473634664e-05
0.00021912200446017386
1.2324814252868526e-05
8.144163852972427e-05
0.0009900524672742715
0.0005486742271361273

6.735477776298973e-05
1.8292106822331278e-05
5.0434245828576515e-05
0.00021950348235593876
1.289039931038087e-05
9.255064926184542e-05
0.0010094329572587566
0.0005295419397406944

7.117010064864968e-05
1.7543267655088846e-05
5.046219832514549e-05
0.00023215025913336072
1.483262014991429e-05
9.429087571926729e-05
0.0009889242449293068
0.0005306251252507424

0.00023789409038027498
0.00011976205530972682
1.157572440362099e-05
9.181898231895252e-05
8.424279773474117e-06
0.00046737239935524876
0.0005717205041992284
0.0004914330244109969

5.985108141825386e-05
2.2487691195731357e-05
5.442888315588637e-05
0.00024185873892497436
1.4950663504317031e-05
8.300938274763531e-05
0.0009586693707134762
0.0005647421734871863

5.808186397424188e-05
1.9462856204161594e-05
5.0203299471875656e-05
0.00025311328416005786
1.1613489844389696e-05
9.166820170788342e-05
0.0010218523681615503
0.0004940060821273707

9.496256514093937e-05
2.440414923474038e-05
7.675597238034869e-05
0.00013599885934622295
0.0008626910562818617
0.00014729855391022538
0.0006448936297986493
1.2996589352542341e-05

7.342035509645304e-05
2.4530239507306915e-05
4.3256229330469776e-05
0.00023089546505181973
1.293314471325094e-05
0.00010322695929315905
0.0009855490529426057
0.0005261902770784722

5.74910152202153e-05
1.4043874703859571e-05
6.095356079269456e-05
0.00023915113528586183
1.0460943580929901e-05
8.440214979998474e-05
0.0009751592125711231
0.0005583391578148544

6.354042242134949e-05
1.7616020760569718e-05
5.596118329107595e-05
0.0002392825561985368
9.735985080173553e-06
7.19615586567596e-05
0.0010213778020398906
0.000520524421157145

5.9084782484656035e-05
3.585574277983471e-05
4.658572974824093e-05
0.0002478784100455033
1.837712927206189e-05
8.660539506083125e-05
0.0009917896665956316
0.000513824266908765

6.329895610643449e-05
2.4552394107757864e-05
4.751581395917256e-05
0.0002283730990984776
1.4237944041809807e-05
6.796320994537421e-05
0.0010337667228740642
0.0005202918146404103

7.995280858941951e-05
2.151650700596314e-05
5.0075365597271604e-05
0.00023410861561322258
1.3001104016634235e-05
0.00010680148096591756
0.0009792413668142143
0.0005153033481608713

6.916745158588625e-05
3.4427930308771954e-05
6.283158132892121e-05
0.00023168850247796182
1.2640182259287763e-05
9.340274395118958e-05
0.0010024912047434588
0.0004933502678340218

6.701094541399111e-05
2.4216283230916412e-05
5.7394753986255924e-05
0.00020983149356906778
1.5452820314538313e-05
9.404524473226756e-05
0.0010022363456182713
0.0005298116029841832

6.824886935718875e-05
1.983115826165829e-05
4.158035953435787e-05
0.00023120000470601857
1.5031352803959445e-05
9.506282651298015e-05
0.0009873019713142856
0.0005417447432590793

6.816687476551977e-05
1.889023757650608e-05
6.453100106551246e-05
0.00022938525980707982
1.0827444388389935e-05
0.00011577479756456719
0.0009719052050008885
0.0005205203398930618

6.533534245788462e-05
2.360616880849769e-05
5.494148521632025e-05
0.0002509422050298661
1.4710584637430288e-05
8.36175992700154e-05
0.0009690575368469247
0.0005377882159465451

2.416173562980611e-05
2.2990112917958026e-05
0.00035355304860448426
4.8626459647779486e-05
0.0007422931581571925
7.398627529797221e-05
0.0006459366127658789
8.845218180042213e-05

0.0001416748417017561
1.6531074786485908e-05
0.0004174092344242611
9.301674782133274e-05
0.0007243409380157793
0.00021219355556914695
0.00038624491755991905
8.586789326781959e-06

6.975262042779722e-05
3.114209394588957e-05
7.440539031450319e-05
0.0002104979747666339
9.658832268603127e-06
7.453506212514263e-05
0.0010066982201730914
0.0005233074775337934

7.72905396852297e-05
2.652871902198547e-05
5.8210768402865696e-05
0.0002400995575351667
1.3921463805367931e-05
8.93317291163251e-05
0.0010080949432575215
0.0004865220823530358

7.074215580793896e-05
1.795626238349525e-05
5.585150533684349e-05
0.00023142854115867036
1.2492114302273877e-05
9.587470378350573e-05
0.0009761007063402866
0.0005395527309824614

9.128410105806514e-05
2.20306846804291e-05
5.646144194925859e-05
0.00023445498122227275
1.221453265062377e-05
8.439721957588438e-05
0.0009810587057372054
0.0005180968605937326

6.458490011660956e-05
2.0503125417336015e-05
4.550541212625133e-05
0.00022707060962196576
1.2197970680286655e-05
0.0001026543381395035
0.0010188667257707783
0.0005086168185527687

8.374278295456349e-05
2.281162607232497e-05
5.4912318319726574e-05
0.0002227180585833706
1.5740702770398087e-05
7.541951373514541e-05
0.001001571032874729
0.0005230844781352543

5.8882139310531274e-05
2.1818769852115626e-05
5.7812921898767633e-05
0.00023135098935109176
1.097539670540147e-05
8.810342824332334e-05
0.001004990538778332
0.0005260651300859246

7.245254192275345e-05
2.7651524340839888e-05
5.051939800630976e-05
0.00020444815541149127
2.2191346243699325e-05
7.798406417934621e-05
0.0010033806336255627
0.0005413721622694956

8.385167883478003e-05
2.695934935675084e-05
6.703657416451277e-05
0.00020969288426824642
2.648451178908564e-05
7.981850468268579e-05
0.0009772663289500125
0.0005288917368634597

7.76022423795743e-05
2.5740897931949563e-05
4.335805817054248e-05
0.00021611762585702044
1.2262093451591857e-05
9.899737259306685e-05
0.0010212034409783418
0.0005047190929054314

7.339659874196948e-05
2.46908647025764e-05
4.773679304367053e-05
0.00022911034786348406
9.820731151898536e-06
9.333619546783501e-05
0.0010383529221774151
0.0004835554912046516

6.109539892558163e-05
2.650615030752609e-05
5.977637306473319e-05
0.0002145478758250686
1.765884280944135e-05
7.834307104265371e-05
0.0009981856127678195
0.0005438869637186837

8.914922207261023e-05
2.3249873995245395e-05
5.724374596518219e-05
0.00021702453590548035
1.8850606495699404e-05
0.00010708081526760333
0.0009441166476672594
0.0005432863823304591

6.136905904915191e-05
2.159707055160299e-05
6.594985754239293e-05
0.00024833628630482326
9.303844239377434e-06
6.51143015173854e-05
0.0009861135248720953
0.0005422174185587004

6.466758902829268e-05
1.4547403888108784e-05
6.741865577428993e-05
0.00023772167812676558
1.2370701469802546e-05
9.222138338914329e-05
0.0010086260655303321
0.0005024289529648162

0.0002211696981998541
5.058744422969482e-05
4.9119908279823494e-06
0.00016483559780518752
3.0124815495183123e-05
0.00042966450874571413
0.0004904777832955531
0.0006082295106923602

7.489688603650747e-05
3.3812481840244646e-05
5.629556020388211e-05
0.0001974344865167298
1.0504381781814074e-05
7.614519131791641e-05
0.0010143494491348303
0.0005365609904495654

0.00021803370709602184
6.124860125470002e-05
0.0002563609422761631
0.00012732874883974494
2.6300253087335098e-05
0.0005144773164100578
0.0001019622502754162
0.0006942873695740464

5.8902044736936445e-05
2.708162700123977e-05
5.4453961180396826e-05
0.00020500997796492706
6.9483188694313005e-06
7.919722568403981e-05
0.0010535422696445907
0.000514862850737905

6.891996531484872e-05
1.3642877205697367e-05
5.7753770423563617e-05
0.00023188867679203626
1.196759229359736e-05
8.547376062179711e-05
0.0010250542770647247
0.0005052979706132145

6.73665231712288e-05
1.3962207902197266e-05
6.377163401005573e-05
0.0002017928844354439
2.0875783536921376e-05
9.165193166555225e-05
0.0009956552477883146
0.0005449241639737956

6.78047691321492e-05
1.834991596550797e-05
5.542652058619303e-05
0.00022409236713934433
1.3504146756873543e-05
7.954465141911156e-05
0.0010299483383423417
0.0005113274492559428

6.414287575561226e-05
1.8397072936467836e-05
6.368523734629714e-05
0.00023217751577391554
1.1528907786668048e-05
8.424199122672476e-05
0.000994066940305985
0.0005317609798158623

6.605885654461158e-05
3.111863897141215e-05
6.339933316247765e-05
0.00022398526537716426
1.4940635826112919e-05
6.715086475883914e-05
0.001043547283083145
0.0004897985822277282

7.835494657289543e-05
2.52189870413262e-05
5.859012312058737e-05
0.00021837986988706783
1.768177771190818e-05
7.547933611436308e-05
0.0009670260460855745
0.0005592673522157478

6.570457634540029e-05
1.7404929092272994e-05
4.9196317489378796e-05
0.0002283393088477898
1.4189049170814563e-05
8.191128291728377e-05
0.0009899455258480948
0.000553307828144443

6.927907678815836e-05
2.2889013347900168e-05
6.012055650573896e-05
0.0002232656709945171
1.5483776603168415e-05
9.124052369917814e-05
0.00101869828867335
0.0004990224883994784

7.39824286278939e-05
1.763554717696717e-05
5.9066908420292216e-05
0.00021938953407361932
1.303369732329766e-05
9.799518862666766e-05
0.0009791825904590177
0.0005397147959537602

6.969809950068746e-05
2.57413517259588e-05
4.9296117021410185e-05
0.00022419279829138857
2.4284113456297078e-05
0.00010657606009732916
0.0009871614557114255
0.0005130500690210064

6.760532342608953e-05
3.350425048197067e-05
3.8290300691389534e-05
0.0002214730813900294
1.2301902618402163e-05
7.67136631634875e-05
0.0010075497653904246
0.0005425611224756966

5.4233736271914206e-05
2.2580250509615375e-05
4.8045041105944845e-05
0.000257364386696588
1.5197566791342688e-05
9.1913283120872e-05
0.0009775068076589076
0.0005331582387903032

8.1284315256522e-05
2.334182652311707e-05
5.372707669560126e-05
0.00022356380103858553
8.589672624840645e-06
8.517550458172617e-05
0.000984030555717697
0.000540288452029437

8.761130739130635e-05
1.6857785305136022e-05
6.239772811809023e-05
0.00020285138148098933
1.576910437097619e-05
9.809969556479487e-05
0.0010046418054812337
0.0005117704788189608

5.688159862981077e-05
1.8147030419378287e-05
5.911503706127185e-05
0.0002078938411596273
2.055986461849092e-05
8.315368412457252e-05
0.0010230850393926412
0.0005311630102436907

7.016557826020288e-05
1.943445594758351e-05
5.7400852656380064e-05
0.00021577457528003773
1.035072741068648e-05
8.40385221025832e-05
0.0010192521850686245
0.0005235816887073747

8.14141968571657e-05
1.3976917102496668e-05
5.4079055038765695e-05
0.00023280213069062938
1.3672626526302908e-05
7.860216164992743e-05
0.0009901087545554172
0.0005353434446967825

6.172973696849342e-05
1.1465825545384025e-05
4.667001407795652e-05
0.00024228596320367043
1.1336264968746852e-05
9.699898412639017e-05
0.0009842830896028374
0.0005452311308500439

9.115340019340477e-05
1.5644328816436415e-05
3.4577663041819716e-05
0.00023947352667442402
1.750807029437241e-05
9.717171814590613e-05
0.000983135724333483
0.0005213348688836414

6.82865590719559e-05
3.0226520807253306e-05
5.237789886613909e-05
0.0002493902988442774
1.6196760491681028e-05
8.602537380102505e-05
0.0009654551912436
0.0005320415227975727

9.216985442809443e-05
1.817142389187481e-05
5.087858705362097e-05
0.000210801742340817
1.2994332314496396e-05
7.503628235934485e-05
0.0009715566847437944
0.0005683912315694621

7.785694920275881e-05
2.0840653224206308e-05
4.3229761679931044e-05
0.00019552631246188938
1.8854101681770543e-05
0.00010547365419688996
0.0010399329443055761
0.0004982854824704769

8.957451562326696e-05
2.127860765112076e-05
5.129220251604001e-05
0.00024943691312722625
1.518536530109433e-05
7.813341840838627e-05
0.0009786257020816826
0.0005164714756346482

7.72771725509576e-05
2.361268777863038e-05
5.6388880635781626e-05
0.0002366885171057358
1.3180385068283457e-05
8.567730299394016e-05
0.0009684367320402884
0.0005387386190938904

4.814056361188919e-05
2.099118583527036e-05
0.00026309242985318086
0.00010656497996910363
0.0008014033365123653
0.0001200950866765056
0.0006394425384576937
2.7097920551571425e-07

7.305218133495898e-05
2.5184412962622453e-05
5.9104722131061906e-05
0.00021455573654522862
1.5326153353960036e-05
9.852804605551386e-05
0.000946963239275201
0.000567285054668946

7.355760406524672e-05
3.263195017621521e-05
4.285011113020334e-05
0.00020692902877398882
1.3931143483564959e-05
8.283426997407094e-05
0.0009908068497696265
0.000556457652678557

6.562340053574798e-05
2.4422268529109197e-05
7.159328145726342e-05
0.00020946887452168676
1.2109103688477792e-05
0.00010111954410826313
0.0009914066198678348
0.0005242572911211266

7.219316163147382e-05
2.7833842366550932e-05
5.8358262709867904e-05
0.0002233485392042039
1.6818147144329196e-05
8.526633070357492e-05
0.0010132245452019334
0.0005029563673895517

7.2523362726195e-05
2.729429263756853e-05
6.087816728715994e-05
0.00020735254850860947
1.0904691421962278e-05
8.841769596172018e-05
0.0010244272358139613
0.0005082013684563122

8.399589042171544e-05
1.7975597197888804e-05
5.256708683798995e-05
0.00023575922259082022
1.6907766394153373e-05
7.721585581370952e-05
0.0009870602906693663
0.0005285194904458827

6.956748544802884e-05
2.143112494822521e-05
5.5588450443489065e-05
0.00022588743867988257
2.0010401759306748e-05
9.645534929132461e-05
0.0009657664804659362
0.0005452916991492768

7.659541596708063e-05
1.2032968956928085e-05
4.94727395750053e-05
0.00024032413036373786
2.123242288218068e-05
8.986849888725091e-05
0.0010010644109544166
0.0005094078526168699

6.257448512168806e-05
1.5094531557245428e-05
5.7940166051357646e-05
0.00021917496766125187
1.2568417313827004e-05
9.127384662585642e-05
0.0009766205384068678
0.0005647528012574026

7.510912972882762e-05
2.272029857446602e-05
6.4793521480856e-05
0.00024129710296154247
1.7221453222538394e-05
8.979983145985321e-05
0.0009733361867240158
0.0005157216904973866

7.157209262483213e-05
3.0165084056002776e-05
4.8220031133506725e-05
0.00021905713326085337
1.778271723396278e-05
6.805836318531103e-05
0.0010060711454783276
0.0005390708354206526

6.98721929102311e-05
2.216607280318489e-05
6.599780601536891e-05
0.0002231079965593077
1.6122692778173396e-05
9.806249179603758e-05
0.0009591291395948347
0.000545542362354379

7.847375137531367e-05
2.158460243134921e-05
4.745048276584276e-05
0.0002341305125736683
1.3593037238682888e-05
0.00011511361854310906
0.0009700991537961269
0.0005195555702874243

7.937323406562241e-05
2.9513809568746246e-05
5.40264479976949e-05
0.00023645464674097543
1.874512706955239e-05
9.978563540911177e-05
0.0009820394799571691
0.000500060011978597

8.773609340384633e-05
2.3264108281535132e-05
4.669140264839188e-05
0.00023365311755795104
1.3715323721171998e-05
0.00010605868008079803
0.0009839772471506119
0.0005049039761091946

6.989836304076378e-05
2.010734405727998e-05
6.292803960288458e-05
0.00022477440170322696
2.1658216378847604e-05
9.871457645931061e-05
0.0010015823554989595
0.000500336066632216

8.431507037421227e-05
2.3865444823775185e-05
5.28248517972367e-05
0.00022271939340539777
1.2879483270158674e-05
9.860796605714059e-05
0.0009748659616351539
0.0005299207228844042

6.687190341116093e-05
1.6378690383384167e-05
5.5743938336653974e-05
0.0002147038070022425
1.3878113484485543e-05
7.929356806400083e-05
0.0009943969104987016
0.0005587323305748574

7.28825671155065e-05
2.985883779976921e-05
5.307607913035037e-05
0.00023091992957231764
1.9239373191612653e-05
8.326872574491419e-05
0.0009587330670527726
0.0005520230820842922

7.515099420167977e-05
1.9776229844540232e-05
5.090730056420542e-05
0.0002260366788489203
1.731027853034641e-05
8.494370486700796e-05
0.0009760951175001731
0.0005497788939926124

8.133835276762193e-05
2.6263111832579102e-05
5.018555631951449e-05
0.0002525117163898131
1.1560817917317569e-05
8.742387673149125e-05
0.0009908378193682571
0.0004998780176168926

5.9535963523839706e-05
2.6859594084720354e-05
5.3643847243907154e-05
0.0002525813648932308
2.605405352232377e-05
9.054299872498017e-05
0.0009676603101784845
0.0005231213004480038

7.315006652095139e-05
2.6334207544026238e-05
4.927100070089896e-05
0.0002072842926692202
1.9543040799793725e-05
9.279259869677025e-05
0.0009899736677686675
0.0005416510655871726

7.721506985969351e-05
2.067520497283865e-05
4.998869144950736e-05
0.0002096242442848493
4.8747938992252145e-06
9.641845867457373e-05
0.001018695433927292
0.000522509808957557

6.768256457766175e-05
1.621872573812812e-05
6.277204111970928e-05
0.0002265641195636562
7.168833945919829e-06
8.656627799403504e-05
0.0009962310753360354
0.0005367951330083311

6.245991807135607e-05
2.4494370276576808e-05
5.63485889549615e-05
0.00024850263515620926
1.356732781415958e-05
8.507730173372728e-05
0.0010217294278050482
0.00048782109018747683

7.4085553957993e-05
1.9865826196363945e-05
6.222898216465543e-05
0.00022270871494118043
1.1553824307175218e-05
8.95008835197682e-05
0.000978550156566145
0.0005415074422222492

0.00030804813963224316
6.569805143526747e-05
0.0003321499978188305
0.00016771547286180668
3.3254142508879796e-05
0.0004113353924446295
1.0280633041259723e-05
0.000671517665286575

5.1684984124034985e-05
5.60790061414742e-07
0.0002530094163999437
0.00013630987122455348
0.0008240096155245105
0.00012798359691707425
0.0006058032787809748
6.400326550277053e-07

8.085668289381764e-05
2.6012980761487744e-05
6.032045500580784e-05
0.00021291597601585165
8.837053747876028e-06
0.00011253906817870471
0.0010305713240890224
0.0004679449332229026

6.58757896288853e-05
2.3611818530612686e-05
5.326978669229325e-05
0.0002359474082606507
1.168828785591219e-05
7.389552055212492e-05
0.000996920028870059
0.0005387925972789891

5.81978032966018e-05
2.1481255975245618e-05
4.9934953258413544e-05
0.0002476123316820873
1.2638274355248926e-05
8.378043818732995e-05
0.0010056116039569738
0.0005207427921115899

8.576756785777748e-05
1.3121676269088452e-05
6.507533317259219e-05
0.00020519187144862943
1.5865148772931154e-05
9.473172946624076e-05
0.0009902860699490261
0.0005299619031252425

6.156821348520566e-05
2.8637510424909394e-05
5.4469142790705844e-05
0.0002281771504444891
1.1892212884063031e-05
7.73605394326545e-05
0.0010262487627470383
0.0005116470586144484

7.738020798305489e-05
2.871606183450829e-05
4.8035122129742954e-05
0.00025228862158327203
1.548096111511111e-05
9.379646910920377e-05
0.0009689823615553945
0.0005153195912972019

7.550031840879017e-05
2.7625192020303907e-05
4.3514860917734153e-05
0.0002203577097333263
1.934151159369165e-05
7.720249513943757e-05
0.0010098649473475497
0.0005265924894706591

8.954742903071562e-05
2.2781732431716495e-05
5.210573162259919e-05
0.00024249623463395043
2.1042851380322e-05
7.167882539700465e-05
0.0010027999108437424
0.0004975470260954458

7.136188792455346e-05
2.3640512163196735e-05
5.4835460894162156e-05
0.0002157364753692622
1.5441922636316492e-05
8.528863178602886e-05
0.0010203004317759614
0.000513394535268018

0.00024856890825955823
6.008272322296887e-06
0.00028024440618630515
0.00013011529084046435
0.00012017645572816184
0.0006170449739677969
3.655267294402056e-07
0.0005974775419615066

6.917265875999224e-05
2.7659990965012225e-05
4.7469584408231574e-05
0.0002199012079640343
1.5910426051852755e-05
9.344251150399906e-05
0.0009479901627541037
0.0005784555405763185

7.633574946579518e-05
2.3245992673166396e-05
4.5184990647729227e-05
0.0002152309849889731
1.6140654778539007e-05
9.891373665536448e-05
0.0010120746561385276
0.000512873828071419

8.244398772612682e-05
1.3999999396966504e-05
4.1594202734639645e-05
0.00022956004320063748
1.4569245296553357e-05
7.646083490834126e-05
0.0010091971069439557
0.0005321735686242604

6.763768577874826e-05
2.2050000448822265e-05
5.6364703899289514e-05
0.00022464970897468885
1.679541298386645e-05
7.642329852357722e-05
0.0010124417527359996
0.0005236389956365413

6.710542991791431e-05
1.8641102077434992e-05
5.188515803410947e-05
0.0002195816732875303
2.3251167841271732e-05
8.152076098733477e-05
0.0010036611404292727
0.0005343546902046567

8.174784552195703e-05
2.3417077348648777e-05
5.281965131713084e-05
0.00021362262914823542
1.2354033923463284e-05
8.353664795836767e-05
0.0009855153582379198
0.0005469847935837393

7.569162474068416e-05
2.056432602058174e-05
5.0823097234491486e-05
0.00023132650200659332
1.7608138158409268e-05
9.926987906261366e-05
0.0009883927122804877
0.0005163251333276695

9.019523992390164e-05
2.327403172373712e-05
5.4217928911592434e-05
0.0002330601311938809
1.4964154306591638e-05
9.909707006709617e-05
0.0009940387402654109
0.0004911534904953071

6.3963200413955e-05
2.7081161543230297e-05
5.074023783280491e-05
0.00022252188325737755
1.0739917018608335e-05
8.576922453781121e-05
0.000973849699822468
0.0005653332292992172

7.492398072705897e-05
2.451783729905447e-05
5.785985666572296e-05
0.00022758306243239658
1.2794240908423588e-05
7.022477880740788e-05
0.000980582506487513
0.0005515146429779433

7.580761498504512e-05
1.6647285850851356e-05
4.864766803221116e-05
0.0002144247433425622
1.705630655517687e-05
8.418617682558866e-05
0.0010298708371627642
0.0005133580568992753

7.048435631669152e-05
2.0309589295396634e-05
5.388781972887314e-05
0.00019857854485001684
1.0460365012918123e-05
8.104257645160146e-05
0.0010159738283278942
0.000549261008588071

5.938698745680734e-05
8.498429364983413e-06
5.0482532277559365e-05
0.0002424600224572134
2.0789236655159736e-05
9.862484219948411e-05
0.0009907702499588817
0.0005289884189674276

7.461848219084062e-05
3.586163440195464e-05
6.13081150259114e-05
0.000223923693455911
1.4675956786725446e-05
7.785379238669455e-05
0.000980411663174035
0.0005313464892654254

7.777331520105647e-05
2.684244554637129e-05
5.643993743682087e-05
0.00022090507316846773
1.3423739225236869e-05
7.958693619797226e-05
0.000986630397074616
0.0005383982036309613

7.172123778186794e-05
2.4191201292405876e-05
6.031073004560989e-05
0.00021908361014139234
1.0350439652680623e-05
8.457479836349895e-05
0.0009927222438886139
0.000537047981429478

8.458384672168314e-05
1.904371318763004e-05
4.3292709139212316e-05
0.00021713786842778726
1.4939252962084775e-05
9.515703318689773e-05
0.001011670642274304
0.0005141750773539056

6.31979475283785e-05
2.4004158320598662e-05
5.227308551200564e-05
0.00023735912683338592
1.3087355164389857e-05
0.00010768883806397948
0.0010038084930402717
0.0004985790211904518

8.075457260573922e-05
2.9360945735634744e-05
4.789512597489336e-05
0.00018865767764008007
1.8722286399087478e-05
8.22005293211713e-05
0.0010128373809380527
0.0005395735071828845

6.748623787166556e-05
1.8310090620697336e-05
4.906904744878824e-05
0.00021595592439572906
1.2348375803348113e-05
9.722462662698308e-05
0.0010216722487638844
0.0005179360391844592

7.451344231670256e-05
2.0042422879958524e-05
6.768918729979654e-05
0.0002543057296263298
2.4601613062759704e-05
8.744896741200197e-05
0.0009756285057966751
0.0004957709904132951

7.081665192345532e-05
1.6946773546947353e-05
6.385094195767002e-05
0.00022639317222617662
1.559236754937876e-05
6.999635759275842e-05
0.0010108116696968196
0.000525591347690281

7.744709975441644e-05
2.534806299795351e-05
5.901536376924302e-05
0.00023997206908457167
1.3763064330143748e-05
7.688375427694966e-05
0.0009988130522685908
0.0005087580295556431

6.868997135016726e-05
2.6401722587400488e-05
4.754171233569972e-05
0.00023441389682143652
7.6246432271977145e-06
7.966036287146685e-05
0.000988724551887242
0.0005469429571828877

4.917812596300851e-05
9.809172273463258e-05
0.00035504637167688055
0.0001037127989110482
0.0001441608759023587
0.000785977145086369
6.940792961278111e-07
0.00046313768673905226

8.38647838590468e-05
2.278429397576863e-05
6.515183761414943e-05
0.00021397181549334302
2.1220060481929046e-05
8.790624678930977e-05
0.0009719581855519669
0.000533143782124009

6.661177135786601e-05
2.4339681473428156e-05
5.288077312637497e-05
0.00022269670197493593
6.844266141313333e-06
9.95552537884224e-05
0.0009767882556902818
0.0005502823362428599

8.768499577680624e-05
1.4929574705887777e-05
5.048126128553349e-05
0.00022884642510811196
1.56790176811425e-05
8.130689591298162e-05
0.0009767938465143956
0.0005442771022006249

8.20035919111627e-05
2.1510698965844915e-05
3.707146738658048e-05
0.0002082680026472433
1.1612270644364879e-05
8.730516302507485e-05
0.0010254065350498946
0.0005268223941153387

7.191831674587941e-05
2.161037384787378e-05
5.843686590146785e-05
0.00022168743776039259
2.102562247597131e-05
9.922443530768866e-05
0.001008586297521523
0.0004975131101767554

8.257316664275626e-05
2.4835518955520807e-05
5.426997016265174e-05
0.00023963688068574907
1.3587102134562078e-05
8.338956419537383e-05
0.0009759274597367605
0.0005257800146701212

7.433519855507445e-05
2.818935225578724e-05
6.767226320945206e-05
0.00023216797576772132
1.5335959290159635e-05
6.697873336533544e-05
0.0009976996240059271
0.000517620576048038

8.147473610839795e-05
2.079739377532577e-05
4.908471219910709e-05
0.0002344371775399104
1.3271137632130704e-05
6.891105517066738e-05
0.0009797284387601285
0.0005522963072498538

6.54271916537542e-05
1.8577052636131282e-05
5.953182277975542e-05
0.0002552894273483527
1.4359701804288155e-05
0.00010975174930596951
0.0009807001449619074
0.0004963626494713381

6.232497695060938e-05
2.0026008857624423e-05
5.1809806054575705e-05
0.00022089576763427833
1.723964564890869e-05
9.429608691137337e-05
0.000990846265706429
0.0005425611224756966

8.625365955567176e-05
2.126746923289404e-05
4.456366378908227e-05
0.00022275276525607706
1.6383758495487327e-05
8.694533577175066e-05
0.0010222069352567675
0.0004996280793618051

8.159103454276519e-05
1.6832088584612973e-05
5.405472110027038e-05
0.0002379975677323812
1.3902448034980869e-05
7.798011494926583e-05
0.0010069820285788682
0.0005106602328023619

7.465093592750122e-05
2.465665467988007e-05
6.0067167630652244e-05
0.00022164482451152517
9.601654083439278e-06
7.727009630081357e-05
0.0010236401269479401
0.0005084655427996895

9.863106008961067e-05
1.5145309190278998e-05
4.943625780626272e-05
0.00023780304892242183
1.1922768442684981e-05
9.117133398376981e-05
0.0009853272400560905
0.0005105632194243871

5.588158918745583e-05
2.845066637910623e-05
5.589696850576887e-05
0.00022197251915019535
1.4711956877458217e-05
8.327933642313014e-05
0.001016820730379133
0.0005229862916372558

7.241143604191675e-05
2.2661502293269236e-05
5.099476711998578e-05
0.00022977963290910717
1.067786546534529e-05
9.446639837084e-05
0.0009699264406406112
0.0005490828453544445

5.96948006070728e-05
2.32982019962291e-05
4.9723442964108304e-05
0.000224598769213652
2.4671313214178435e-05
8.00800216300089e-05
0.0009799720201470864
0.0005579630252951984

9.86950269069127e-05
2.383050178306393e-05
5.592639570636786e-05
0.00021088096560442954
1.2009400444448356e-05
8.945012039873493e-05
0.0010086942410837201
0.0005005121412598001

9.359128256302724e-05
2.6970960806987188e-05
7.002180251327636e-05
0.00024127070546300515
1.1105864874057115e-05
8.946788585309653e-05
0.0009440177128972454
0.0005235530364187917

6.957345370415033e-05
2.5057993488049217e-05
4.9210747643672515e-05
0.0002272660826759445
1.0157115598745556e-05
7.146241491259967e-05
0.00099517551865855
0.0005520966360557895

6.051511884977017e-05
2.5437303975769988e-05
4.013794526699789e-05
0.000270053708696876
8.141900997726367e-06
7.807176283913129e-05
0.0009872457638731415
0.0005303964521480878

8.021855069082863e-05
2.532825296555028e-05
5.525285901265819e-05
0.00023561229767782966
1.3270160142110805e-05
7.178109086908623e-05
0.0009884855092723763
0.0005300504460610449

8.325158684656533e-05
2.092321547388684e-05
6.837528179376184e-05
0.00023232881921099525
1.3427016465303576e-05
8.849003985119273e-05
0.0009553932521187917
0.0005378110323890098

6.630552583163246e-05
2.3244698971140058e-05
4.935642230263769e-05
0.00023575647591076433
1.454706274610184e-05
0.00010154271331687665
0.0009749106446440634
0.0005343360822542779

3.9255460401035116e-05
5.2968808458166905e-06
0.0002664485454254938
0.0001554298893157367
0.0007547658538130711
0.00012155901492430348
0.0006062832921187455
5.096028228728385e-05

8.260893213148423e-05
2.2589176811797066e-05
6.815432138726423e-05
0.00021198123600282528
1.339426206463687e-05
8.18068906971589e-05
0.0009571938699814427
0.000562270750012881

7.425347848941107e-05
1.9785777140734565e-05
5.2947136775725775e-05
0.00023062508255231615
1.9829963355633966e-05
9.682728389289526e-05
0.0009854844719312912
0.0005202448915574551

8.219809655512178e-05
2.8153272623052855e-05
6.123390230440082e-05
0.00022630166788831406
1.5591661189364378e-05
7.894112877482701e-05
0.0009989006833803745
0.0005086793524360416

8.199306282094837e-05
1.671925586231629e-05
5.0864552285335296e-05
0.0002411776310711106
1.614712354667068e-05
9.535257354287788e-05
0.0009688542918487878
0.0005288917368634597

6.50868781328272e-05
3.1804942697381686e-05
5.542052772007104e-05
0.0002171115093872507
1.5077856164906008e-05
0.0001106042160433213
0.0009716682044260644
0.0005332263942856904

8.515486903130615e-05
2.6762337202740708e-05
6.58111957415705e-05
0.00023149657976005527
1.6800178549963448e-05
9.362935928380229e-05
0.0009414362510047003
0.0005389088671693559

7.593928187372517e-05
2.21601777390649e-05
5.1950249505434396e-05
0.00021588495262628445
1.9791347460847946e-05
9.446552904482233e-05
0.0009614961987710156
0.0005583137965823382

7.522079424310053e-05
1.3389025072530273e-05
5.9500081859109344e-05
0.00020253430537253532
1.8439681175335116e-05
9.133623666112635e-05
0.0010152441218170413
0.0005243371638247524

7.579671279282321e-05
2.2773194991542712e-05
4.4882477745571654e-05
0.00020620271786920497
9.834470458178199e-06
8.441611955026908e-05
0.0010265410449769872
0.0005295522309709037

6.799565783403468e-05
2.00985214411004e-05
6.881456552870334e-05
0.00021230040681932195
1.6802011640000764e-05
6.355111739156717e-05
0.000992578525171689
0.0005578595054430913

7.032150171937666e-05
2.526617173228663e-05
7.000309256289551e-05
0.00021927429091327357
1.704079561886115e-05
7.628105678468192e-05
0.0010091516449910304
0.0005126611637970905

7.75549743786122e-05
2.373410467510179e-05
4.5072029717429944e-05
0.00022525875180308579
1.1457649675217607e-05
7.502001277701368e-05
0.0009972307005563824
0.000544671555414654

6.255609074531365e-05
2.4654878183843907e-05
5.6122551592360555e-05
0.00020980299072048762
1.4845368352173774e-05
9.329126705092052e-05
0.0009923559226011577
0.000546372050289267

6.745170800496272e-05
2.046426384854499e-05
5.4289739203054116e-05
0.00021645173746382123
2.3085418407897945e-05
8.003040451699895e-05
0.0009942812736863477
0.0005439453712718726

6.547929229481468e-05
2.2426231784480364e-05
5.369299069490745e-05
0.00020641854948959815
7.848291057750011e-06
9.250935140500482e-05
0.0010310193011861411
0.0005206060497988064

7.539854267271856e-05
2.4827941953366575e-05
4.6646797749483944e-05
0.0002411831872472237
1.6135624410436615e-05
0.00011488150278638437
0.0009297815894074728
0.0005511450162184197

8.637996912624276e-05
7.608588578070925e-05
1.135584803914546e-05
8.356853318901668e-05
0.00010181689335445751
0.0005628711215071015
0.0004160325359562387
0.0006618872669305505

6.436298063809245e-05
1.803176497503208e-05
6.117372500717592e-05
0.0002489243955947941
1.5727575688130888e-05
6.900835542264788e-05
0.00099742560113435
0.0005253453112052729

6.77215697164557e-05
1.931398619313138e-05
6.37237872990818e-05
0.00022765053343376995
1.425718781220151e-05
9.096051009347853e-05
0.0009528901443958416
0.0005634824291675444

7.613192359964634e-05
2.0668698348706207e-05
5.384252495395119e-05
0.00021919350629362924
1.0240236258437458e-05
0.00010087415150126825
0.0010331398969973054
0.00048590871632255093

6.790718183223378e-05
2.7939643840704487e-05
7.136793266067648e-05
0.00022775175868583033
1.7801581034346746e-05
8.664868381371237e-05
0.0009758101078703716
0.000524773499019634

8.281310607764016e-05
2.4299101744602166e-05
5.0673362281443676e-05
0.0002251527137349274
1.1637887284886298e-05
8.113439478947041e-05
0.001026114097686297
0.0004981756772782419

6.269623910816633e-05
2.2507206236128577e-05
6.461437444320951e-05
0.00021267720676099158
2.0872105722846513e-05
8.925228181870796e-05
0.000996160499284599
0.0005312207305648657

7.46455264813911e-05
2.636864319472716e-05
6.435078255984416e-05
0.00020832351040237318
1.565211276859486e-05
0.00010563078986208842
0.0009997093323808343
0.0005053200871036646

7.932861617671424e-05
2.0285411454904497e-05
6.704096815660222e-05
0.00024220661293205528
1.3153771475741744e-05
9.488152289328977e-05
0.0009777640967041446
0.0005053401934240737

7.346481279335795e-05
2.1900315343775466e-05
4.9806730741803606e-05
0.00021911670849206603
1.4935796082014408e-05
0.00010510287430134283
0.0009919586813190722
0.0005237147274600828

8.198253440673408e-05
2.410637122867918e-05
6.153032125243437e-05
0.00021113951874769234
1.7943378287232997e-05
8.414186680068674e-05
0.0009503076005352746
0.0005688476567707523

7.135206577435352e-05
2.5635725833808816e-05
5.6660552865311444e-05
0.0002449314097875179
1.7043011034906247e-05
8.052887283914516e-05
0.0010107519533816044
0.0004930960086288464

7.284133941066733e-05
2.045495873835559e-05
4.4944218212828377e-05
0.00022326433453648996
1.4687951916969601e-05
9.756623230793638e-05
0.0009634441392986654
0.0005627989751376331

7.932144661456828e-05
3.088109582857701e-05
6.547712102077048e-05
0.0002305476654927403
1.313237031530613e-05
0.00011011655429139504
0.0009804732770792894
0.0004900500099748459

6.202101247042226e-05
2.3261088523473663e-05
5.036757229721939e-05
0.00025522369316301473
1.2516468016769589e-05
7.201088546776364e-05
0.0010062498844199657
0.0005183493394788718

7.72921123652617e-05
2.0512441475525637e-05
6.960031402469706e-05
0.0002508345340036744
1.656345636914503e-05
8.445228191900517e-05
0.0009548984484947199
0.000525847696945499

5.976669206453613e-05
2.1076919727015453e-05
5.8851258239902704e-05
0.00020237267932724548
2.180164374176703e-05
7.928480724582251e-05
0.001018952377092522
0.0005378919309486561

9.209602136259158e-05
2.4632233469382974e-05
6.807828740371658e-05
0.00022304120215794812
1.178910859196437e-05
8.277566888487814e-05
0.0009684924014814216
0.000529095396697605

8.080200164470464e-05
1.7075889949575488e-05
4.5379397245686324e-05
0.0002337966951908735
1.5820647522025342e-05
7.112257130568223e-05
0.0009837892758327855
0.0005522122307681424

6.967196689015554e-05
2.3521070310765528e-05
5.7534426933098935e-05
0.00021657413420831252
1.3762732512136993e-05
8.583301888510973e-05
0.0010066159232174163
0.0005264857650844866

6.894075789127196e-05
2.3539292767136444e-05
6.842706331481583e-05
0.0002150643688595817
1.9984403448777554e-05
7.72433667242695e-05
0.0010083505461427244
0.0005184531994509859

7.206858132493802e-05
1.7103251598132426e-05
4.5276424121590344e-05
0.0002317593025594029
1.9760720402224546e-05
9.20376626734037e-05
0.0010031313271564883
0.0005188626312333197

6.092493369011185e-05
2.127654476107877e-05
5.0089924091567936e-05
0.0002056713289863887
1.687725443153231e-05
8.558625819208696e-05
0.0010265238507526375
0.0005330487860500754

0.00022925929446651584
5.528411128729431e-05
2.6432063580018068e-05
1.7551135725248994e-05
4.614661334130283e-05
0.00028181128548819854
0.00040242471516925484
0.0009410904938936626

8.292954097001015e-05
2.235808917709334e-05
5.1656052093446074e-05
0.0002506489973898979
1.6223769042230776e-05
7.53232262451855e-05
0.001000119436759182
0.0005007422854744845

7.100344056725736e-05
2.9418647646809244e-05
5.464024700018862e-05
0.0002435154606446966
1.6480927793465178e-05
8.993719255864915e-05
0.0009653579236516202
0.0005296448565427892

0.00011465728304582045
1.6020500326093293e-07
0.00014170252296631956
0.00028216875483147474
0.0009227529928004075
0.00012976965389142897
0.00037114282435451974
3.7646034384275665e-05

7.369344555001172e-05
2.830248793809009e-05
5.872096079725054e-05
0.00021791089854752207
1.5381878721094312e-05
0.00011084798011428302
0.0009770650206899151
0.0005180765020733183

7.220532156772133e-05
2.967730179607409e-05
5.5500459241698035e-05
0.0002600676101016114
2.2188818251647867e-05
8.310556974159318e-05
0.0009441633686662102
0.0005330900876509159

6.037256635686856e-05
2.2905705114239923e-05
4.4059368448817476e-05
0.00023169122535801723
9.594449483292632e-06
9.305988442221079e-05
0.0009931393688731045
0.0005451768310969386

5.452856943191544e-05
3.109768668298567e-05
5.047935482749471e-05
0.0002059831480507357
1.5720482247986504e-05
8.717316792638811e-05
0.0010266040916982705
0.0005284125709557062

7.230035631965574e-05
2.4606049622850013e-05
4.9972883099185584e-05
0.0002216022153586579
1.4578464554741013e-05
8.453532028269539e-05
0.0010140532113688005
0.0005183513758489132

6.782244638050901e-05
2.0230259363781887e-05
5.880872425503693e-05
0.0002140817308395803
1.3762068888123485e-05
8.367486123118096e-05
0.0010050245647790247
0.0005365962121722822

6.79963953760497e-05
1.8846723335620356e-05
5.680944189434204e-05
0.00023590894085186772
1.8681285598252915e-05
9.24027079308341e-05
0.0009778899569367068
0.0005314640149458175

7.031700150328506e-05
1.6835758344687668e-05
7.012512642737948e-05
0.00021976063712117304
7.0674161938554966e-06
9.454900258252141e-05
0.0010057562631139183
0.000515587640006658

6.427546710831114e-05
2.577267317259634e-05
5.217936012009788e-05
0.0002216088727687934
1.484398990414572e-05
8.56731635438559e-05
0.001010777545872125
0.000524869803995594

7.00517436338858e-05
2.0566759716631272e-05
5.639022393980897e-05
0.00024020351338728272
1.9763901330289288e-05
9.493641870040716e-05
0.0009752430066528286
0.0005228431195143415

6.966674095604915e-05
2.1032595230113236e-05
6.1000356139647055e-05
0.00023251699491082557
1.0101890005621453e-05
9.656957925364973e-05
0.0009846226584437488
0.0005244907822778793

8.208298680877875e-05
2.3455181349424374e-05
7.472282288296444e-05
0.00022222178230126902
1.58096208838009e-05
8.147635079643082e-05
0.0009732692167386525
0.0005269620035581803

7.073463312778585e-05
2.4879220684410338e-05
7.673716684396592e-05
0.00023310519355279814
2.089213329725417e-05
7.54381571275249e-05
0.000987970962671903
0.0005102439488178885

6.419231273861854e-05
2.6034425827924254e-05
4.1702720848848496e-05
0.00024143884053242747
1.5130693189981492e-05
7.014085630969965e-05
0.0010004447517558037
0.0005409144170601784

7.25058446838384e-05
2.827584739354783e-05
4.822810571967108e-05
0.0002248387727765372
1.1680033037744164e-05
0.00011727518459510719
0.0009787712053646442
0.0005184246878344056

7.89848426657168e-05
2.270921519024042e-05
5.436225648453021e-05
0.00022757226800017687
1.1842913043059547e-05
8.008722539215554e-05
0.000983043178801599
0.000541397135758004

7.353766050484077e-05
2.1269944184944414e-05
5.5905662099945834e-05
0.00023574686265656866
1.6119101578100294e-05
8.552586426885767e-05
0.0010129740187008337
0.0004989225911974451

9.161682754683771e-05
2.840011837007734e-05
6.4484306754562e-05
0.00020492930457328498
1.0761618851050074e-05
8.68994716008171e-05
0.0009684283817621186
0.0005444795285947451

5.6547500959010297e-05
2.5770856916559374e-05
4.2179440316552e-05
0.0002564497396699706
1.4681782380844026e-05
9.328953925088534e-05
0.0009617208605375886
0.0005493595347840764

7.089344650101844e-05
1.2922532111034921e-05
7.284744648279163e-05
0.00022387417435690304
8.025684981360819e-06
7.15372892081237e-05
0.0010122510818541186
0.0005276480008281438

6.826364839748957e-05
2.6833641668192097e-05
5.394035924994259e-05
0.00022958579211516158
8.657964226230707e-06
7.605312158004235e-05
0.0009862455391327824
0.0005504208232536787

7.293144468450138e-05
3.518620935820654e-05
4.473160231850063e-05
0.00022550985279019687
2.0050031658113403e-05
8.788192907081478e-05
0.0010419443065205168
0.00047176430626064505

7.36642712774179e-05
1.9137505189539154e-05
6.903882227726802e-05
0.00024094016439227706
1.8249669523467477e-05
8.798173699084636e-05
0.000995945963440232
0.0004950423605264639

7.697554054481796e-05
2.19966927057372e-05
5.168948539012659e-05
0.00021029169356843503
1.546196326672441e-05
7.669251292905699e-05
0.001001387049200984
0.0005455047592016135

0.0001281668098268035
8.880583860762073e-07
0.00018398542336297747
9.631924037855416e-05
0.0001391724413608204
0.0007223587433514324
4.13632082839378e-05
0.0006877463532969058

6.931704985893129e-05
2.0899083883395646e-05
5.3121702331279026e-05
0.00020630933485737512
1.3348799889711499e-05
9.785445804180312e-05
0.0009883702166960297
0.0005507797115629839

7.898166306565209e-05
2.9253935323456563e-05
6.561470610357101e-05
0.00021682298257537784
2.0176387610685344e-05
8.917540374314315e-05
0.0009689322463143745
0.0005310434566972572

7.296276548713892e-05
2.3022717830621686e-05
6.418443020445808e-05
0.00022844744644999086
8.530792373642155e-06
8.8394989447258e-05
0.001011243954665619
0.0005032131558747787

7.535660929586501e-05
2.7397191919663022e-05
5.491298111774005e-05
0.00019244684311920757
2.0935900364145038e-05
9.119866505632612e-05
0.0009906689001648187
0.0005470831154237407

6.122620355824414e-05
2.4393104184515556e-05
4.7903792367069776e-05
0.00023381037155115186
1.2826894373088243e-05
8.676861680815359e-05
0.001004205265368348
0.0005288670534869572

7.73770608469908e-05
3.280846114980806e-05
5.196056476964435e-05
0.00023017705870319674
1.4379366820688434e-05
0.00010191348546642361
0.0009651356161270952
0.0005262477265836413

6.431706447715783e-05
1.764193315909716e-05
5.5751952176817104e-05
0.00023149113630394446
1.71102804202755e-05
8.500966550835058e-05
0.0010082057005297762
0.0005204713659720649

6.339078733830369e-05
2.6332830585998208e-05
5.011271554803184e-05
0.00023317894135429923
1.7332613650801034e-05
8.740631539713377e-05
0.0009525036435879745
0.000569743977108997

5.3020054601210005e-05
5.5164469604859043e-05
4.761904146927373e-06
5.172807571091209e-05
9.767404615013089e-05
0.0003765922331874411
0.0004206279285617767
0.0009404293417102052

8.631264791887245e-05
1.7034150234725884e-05
4.812815273163655e-05
0.00022337661095477528
2.4171848684011962e-05
9.41111777736096e-05
0.0009838986897890128
0.0005229678826948811

6.469276571880515e-05
2.734104103852008e-05
5.040439603396893e-05
0.00023240653472257717
1.6901882426033607e-05
0.00010102153108826811
0.000943421465891109
0.000563811568884244

7.059779023700043e-05
1.6402952021878005e-05
5.096283631933584e-05
0.00024830950652627817
1.339426206463687e-05
9.222396021519575e-05
0.0010146314848945713
0.0004934774220126101

5.816369149590745e-05
2.867629371169882e-05
5.6426499196547344e-05
0.00021036563180394007
2.1956439904917863e-05
9.329990629109636e-05
0.0010026271428582258
0.000528484534807171

6.901355660475377e-05
2.979191740840706e-05
4.330389151343992e-05
0.00022372431208185262
1.3971567406387777e-05
0.00010351341210898974
0.0010038141606643872
0.0005128677513372953

7.097631082270513e-05
8.258438330098454e-06
5.640768834816445e-05
0.00023830951553873084
1.60036787437509e-05
8.426005278709239e-05
0.0010270254081128465
0.0004987587814341109

6.981164654299868e-05
2.427397694209076e-05
5.924370540589088e-05
0.00021381484253014789
1.1171836469399949e-05
8.36920436415307e-05
0.000975106144848043
0.0005628859757454038

7.857678833741096e-05
1.2688563860272558e-05
5.817938168222682e-05
0.00024216624672923365
1.5375214394958663e-05
9.360599310532668e-05
0.0009685230203560449
0.000530884759848027

6.136835837113764e-05
2.53935653168797e-05
6.554010258405246e-05
0.0002267876598162063
1.395819764611564e-05
9.801732527711825e-05
0.0010067095717413226
0.0005022244788646542

6.395175554972207e-05
1.3583146118481555e-05
5.932703592958704e-05
0.0002504748537403533
1.4154704546115483e-05
8.84799435789872e-05
0.0010001618661500458
0.0005098641873061586

8.548864575810009e-05
2.6332371607988865e-05
5.234489074746722e-05
0.0002579587747886866
8.043939285732381e-06
8.940698306785689e-05
0.000947552344479192
0.0005328712073984607

6.920911446673429e-05
2.64835911970669e-05
5.7644386055337125e-05
0.0002433382323950891
1.894470093761467e-05
8.379681266766326e-05
0.0010059321372774981
0.0004946523855905261

7.485818783571978e-05
1.9589726320744002e-05
4.065925427560899e-05
0.00022931211442959095
1.789605003626964e-05
9.1378126859979e-05
0.0009910405414203835
0.0005352668766732241

6.916224460778025e-05
2.006164784034985e-05
5.304350312968729e-05
0.0002280474651938493
6.999811342479416e-06
9.822819137741039e-05
0.0010425651332231535
0.0004818929793468116

7.291922375625263e-05
1.705187413908665e-05
4.6901269946663666e-05
0.00022859617745301825
1.7685162809977083e-05
8.531506647456693e-05
0.0010081091425678107
0.0005234220645121256

9.270645949501688e-05
2.1664460608974703e-05
7.7821438712036e-05
0.0002251580821510367
1.0650701466792377e-05
7.667058243261061e-05
0.0009903451786082294
0.0005049823607287901

8.928946551546484e-05
2.6029405977822077e-05
4.045021327335402e-05
0.00022065787841943617
9.413017823599634e-06
7.779224726544184e-05
0.0010158711975098052
0.0005204958526445633

7.226081427085089e-05
3.664411850788191e-05
3.6498076584909254e-05
0.00022627475836776637
1.2791361718364983e-05
8.454518893889626e-05
0.0009991805633160716
0.0005318063567527859

6.307712784591923e-05
1.8797442000617255e-05
6.835901164943066e-05
0.00022751425231299594
1.3092532828495245e-05
7.790194078567461e-05
0.0010468234908758316
0.0004844330979105151

7.182277547993472e-05
2.3687067650144362e-05
5.353646528972142e-05
0.00022681864095483694
2.1379398197172325e-05
9.24818246204445e-05
0.0009645438471610499
0.0005457283081001639

7.335522588512735e-05
1.7321072040566108e-05
4.7786862222689676e-05
0.0002190637523309881
1.3093827404521596e-05
8.070956809282317e-05
0.001021972456579995
0.0005266971719707898

6.444050131167036e-05
2.3760692501642977e-05
5.21438311093747e-05
0.0002044954774504545
1.4617422459533994e-05
0.00010113213638051946
0.0010028452295006646
0.0005365630622836074

6.658476424331631e-05
2.4018621626893063e-05
6.309488819628073e-05
0.00023165719050732446
1.530515119353254e-05
8.014086358324733e-05
0.000998414520554479
0.0005207856553384624

6.312117810281587e-05
2.5583672922749287e-05
5.617348770539734e-05
0.00024740970121396285
1.8038602167171252e-05
8.572201542685027e-05
0.000959123599554722
0.0005448302118018834

6.914290611938663e-05
1.970033140899534e-05
5.6064271509174285e-05
0.00021804295215020996
1.118379790964342e-05
8.692031745124142e-05
0.0010762264375943212
0.0004627200854205521

6.622106808591335e-05
2.1183818209191342e-05
6.115343933276303e-05
0.0002088531418531537
2.2186711701604992e-05
8.011364195869322e-05
0.001024232577105999
0.0005160548610961682

7.606170199821699e-05
2.3692727044259553e-05
5.626737786730846e-05
0.00022611198989045322
1.3396880944690177e-05
9.472824730616988e-05
0.0009825917312504102
0.0005271509163620255

8.880668148963788e-05
2.3379004323873813e-05
6.500031589106524e-05
0.00022468590652542566
1.1177517355515584e-05
8.145778285005288e-05
0.0009717100259569156
0.0005337841937770443

7.010715157901362e-05
2.845114346111594e-05
6.921283497681001e-05
0.00022168344259431124
7.310339676800143e-06
9.065282184521562e-05
0.000977993448084813
0.0005345883509314128

6.643304238422804e-05
1.9332465371507518e-05
5.3668088534400584e-05
0.00023098789337370104
1.733000714474798e-05
7.346557942337357e-05
0.0010418894516574003
0.000496894846164171

7.037626588249138e-05
1.8023410166862026e-05
5.189482250430619e-05
0.00023428108189673308
9.913446633785735e-06
8.531093578448286e-05
0.0009989176446847199
0.0005312805156320826

7.883944147675719e-05
2.416613234989561e-05
5.111363749040537e-05
0.00022421154793177023
1.809600965033977e-05
7.81761172892554e-05
0.0010052684346399886
0.0005201286130370885

7.440693336253459e-05
2.213197650049087e-05
7.141629976566099e-05
0.00020883633833881164
1.0684588779482144e-05
9.124394115524771e-05
0.0009746425619506067
0.0005466375999286722

6.5723427905784e-05
2.5754059582217467e-05
6.973992186953875e-05
0.0002155604711896797
1.1113317924208818e-05
8.16718461444101e-05
0.0009968861403413692
0.0005335527748923337

7.287645857138217e-05
1.7805732412431247e-05
5.416064654442648e-05
0.0002294529974084586
2.0080882016741352e-05
0.0001024188561347103
0.0009892618001361778
0.0005139438940132

7.777331520105647e-05
2.3212799050490743e-05
4.2768766382547594e-05
0.00018791638117699117
1.0015370653860374e-05
0.00010780767736239842
0.0010019786876670268
0.0005485254859670997

6.812774157872321e-05
1.9911298973289535e-05
5.9529062363699246e-05
0.000208646376408945
1.3297217312661548e-05
9.043494331278075e-05
0.0010170688796141837
0.0005229862916372558

2.5536192551782838e-05
0.00010123830239868043
0.0002828979125763166
8.338548038529068e-05
0.0008162433292864296
0.00015009172910507976
0.0005118574888907316
2.8748183913162125e-05

7.04310513616065e-05
2.6079169492835e-05
5.96927274570306e-05
0.0002122456747702079
8.45936276418822e-06
8.350722083776868e-05
0.0010161477423814341
0.0005234363887664174

6.854475416321139e-05
1.953671484766497e-05
5.050986247611567e-05
0.0002182265730999475
1.1954600181332912e-05
9.700779336656946e-05
0.001020714737674394
0.000513506004980287

7.065566913617856e-05
2.7921681240338865e-05
5.479903868342079e-05
0.00022734159822948157
1.0971248673317036e-05
7.665805212835556e-05
0.0010223699423780857
0.0005092826991663225

6.375663534775045e-05
2.153808659040239e-05
4.626395386969126e-05
0.0002159966727185585
1.1853072753266343e-05
9.223254989537058e-05
0.0010078791260531288
0.0005404797384333305

7.055420880411334e-05
2.0945314218336653e-05
5.801576215889639e-05
0.0002490062500684602
1.6660061061111398e-05
7.861167769812111e-05
0.0010173484402998742
0.0004888587747585986

6.080212299961207e-05
1.622917345234078e-05
5.73974644663111e-05
0.0002347783040608539
2.1686947289432414e-05
8.423214028252423e-05
0.0009982223492865675
0.0005266520135378705

9.416237856465178e-05
2.1545143800546037e-05
5.914048440378984e-05
0.0002660836714180669
1.7466552963527332e-05
8.968713816355937e-05
0.000909816882441096
0.0005420966272922417

5.680202650819111e-05
2.3927531769038952e-05
4.5776723973773824e-05
0.0002015604374647125
1.4278810340641629e-05
8.170337351105183e-05
0.0010226330690074415
0.0005533183477746572

7.200709049768639e-05
1.8969624586121986e-05
6.546409413250533e-05
0.00022198851044652086
1.326006151990525e-05
8.272115594176853e-05
0.0009835592458201034
0.0005420299895948855

6.876263756764637e-05
2.427309560607282e-05
4.9211375089685284e-05
0.00025467814061591013
1.2358750013559279e-05
7.898166306565209e-05
0.0010258820360835735
0.0004858535126414272

7.32158699382908e-05
2.516870531230273e-05
5.631233875422363e-05
0.00021851867631989325
1.9697949528946855e-05
9.492857547024753e-05
0.0009724685458443549
0.0005396877834352103

7.522467297317949e-05
3.341629588018039e-05
5.156031273749734e-05
0.00024211753337824207
2.160663188179761e-05
0.00010379661680075428
0.0009499574612741475
0.0005223217296737288

7.655706396029997e-05
1.8449284425530592e-05
5.9869073730620085e-05
0.0002197129063042015
7.911813793042998e-06
9.123368897903901e-05
0.0009531027532581692
0.000573162853444587

5.921204139724636e-05
1.4822287789703977e-05
4.941173452776354e-05
0.00022571137179429877
1.5662730368810976e-05
8.132222028729354e-05
0.0010038141606643872
0.0005500431724459919

8.030669501262278e-05
1.7004630874125027e-05
5.5762638193034605e-05
0.00020032678046960173
1.691291570625819e-05
8.26064933294346e-05
0.0010130878905431518
0.0005339929270472929

7.250355987779192e-05
2.2556880459139687e-05
4.3023591997734496e-05
0.00024059042668915818
1.484571297418079e-05
9.162881356308169e-05
0.0010012596857883916
0.0005135931624560609

8.008882627218813e-05
2.7228445354228225e-05
3.977046125951784e-05
0.0002279839868985573
1.2799680262534304e-05
8.508720197392881e-05
0.0010010785606647048
0.0005259625616838369

6.484536925791134e-05
2.4128772979135167e-05
6.423244950743551e-05
0.0002337310542295374
1.3140150539464493e-05
8.191209241930024e-05
0.000997942603594873
0.0005200653792978013

7.431129464058792e-05
1.2574442783949653e-05
6.214434232293262e-05
0.00022644969885132722
2.008248528077399e-05
9.863017180759258e-05
0.0010164528406896446
0.0004893532977686645

7.216960466899432e-05
0.00017054201975934036
4.5372338923542665e-06
2.9808030054735027e-05
0.00015320880436852705
0.0005018517214650667
0.00039244484978811714
0.0006754381147403746

6.264525792312862e-05
1.648528537755388e-05
6.199213575983448e-05
0.0002469301917782026
8.663755154348578e-06
8.453449792067865e-05
0.0010237431494460368
0.0004950045501076944

7.654532547006104e-05
1.4809549503444691e-05
6.282874544086347e-05
0.0002250628022790973
1.3905116131035176e-05
0.00010065956534690038
0.0010213835190480073
0.00048480720791812995

9.362157023364374e-05
2.5277412682515438e-05
5.2374662316073205e-05
0.0002223524680479291
1.728200804977097e-05
6.953391877734561e-05
0.0010172257711873773
0.0005023327246748574

8.034196629334071e-05
1.422579677756255e-05
5.575061649678991e-05
0.0002079299524243624
1.5714808647871015e-05
0.00010462110457953653
0.0010093477069770213
0.0005120679624310158

6.600071254342806e-05
1.9365907602188227e-05
5.13191102365877e-05
0.00021102126624728532
8.373215402434714e-06
6.830060299824175e-05
0.001006862824176442
0.0005687559304588854

7.907151140148093e-05
2.1602474521712987e-05
5.386484173840544e-05
0.00021852925385610855
1.2078620983857323e-05
0.00010585981060475008
0.0009794932854593418
0.0005295007758198564

6.789612638200874e-05
2.813951148477275e-05
5.371789863141445e-05
0.00024651293349970934
1.156507593340424e-05
8.515239293325574e-05
0.001018980928333103
0.00048803446665582003

5.536061687885157e-05
1.75916279500732e-05
5.770076380648468e-05
0.00023018520070336248
4.5853719413341045e-06
9.172472991703405e-05
0.0010055038254667798
0.0005373485754255964

0.0002701610176770602
8.55013508603587e-06
0.0002330451113755752
0.00027211392930081126
6.0435129678142004e-05
0.0005495020989629785
2.8312005458283818e-05
0.0005778791636845865

6.596874425477736e-05
2.9386153048147827e-05
5.284110494756753e-05
0.0002205250352167322
1.2356863469520882e-05
8.627858175617904e-05
0.0010233396742718242
0.0005093049026887747

8.827729872486243e-05
2.301499352646446e-05
4.5977856217867816e-05
0.000211845823840069
8.878847462726727e-06
7.42989586403368e-05
0.0010542594721971892
0.0004934456319319629

6.349836427049339e-05
2.5051277957912527e-05
5.008802503752928e-05
0.00022993829076233666
1.323792316745463e-05
9.193815230337822e-05
0.0010178991160170832
0.0005083505882753496

7.731570448574192e-05
1.536153951268031e-05
5.046346907717134e-05
0.00021900153701972174
1.851696205890815e-05
0.0001087672806319309
0.0009777976586408277
0.0005327762356125276

7.784984645661424e-05
1.9170778440216425e-05
5.842524296723128e-05
0.0002335314529534746
1.441160583134465e-05
7.133468977999985e-05
0.00099105462011067
0.0005342203067319214

6.617376615495052e-05
1.8214151892744525e-05
4.627003774981509e-05
0.00022963051734607197
6.042082714985089e-06
9.167162716395315e-05
0.0009970132252939557
0.0005449826271909857

5.481426831773078e-05
1.9644791727864845e-05
5.6752827573189666e-05
0.0002397808998886805
1.7149149951066678e-05
9.195101699364006e-05
0.001014936355506777
0.0005049703011605448

6.835161676928014e-05
1.8813732624948847e-05
6.163630845659172e-05
0.0002266435579912732
1.2772495051980955e-05
0.0001005895824974759
0.0009685007520355915
0.0005426923836083682

7.290165796589509e-05
2.709512702351456e-05
4.769725077086567e-05
0.00022057816769781367
6.822054570861221e-06
9.740109223057497e-05
0.0009934297170210145
0.0005340735379429338

8.07931578865246e-05
1.589794162159864e-05
5.524754035654992e-05
0.00021373637764855074
1.5970776967081186e-05
0.00010647359088924343
0.0010438189002246738
0.000468062965175305

6.77215697164557e-05
1.901523048505028e-05
6.237088294154379e-05
0.00023181513332653928
1.3541971867643464e-05
8.954150438459502e-05
0.0010062754198504856
0.0005097187841671989

6.456477517219992e-05
2.8323904608526026e-05
6.327476360994205e-05
0.00021244769712431993
1.6097562777661883e-05
9.489372058953805e-05
0.001020829043756721
0.0004995701026186249

5.6284152217649894e-05
1.169593380606782e-05
5.016718278914051e-05
0.00023635563061096004
1.9082765188424936e-05
8.823108453392175e-05
0.0010169633411820356
0.0005212205106093136

6.715233065486897e-05
2.823638537474459e-05
5.119424120404603e-05
0.00024849840525812317
1.8162274419688575e-05
0.00010390781882701778
0.0009571717322849925
0.000525677474068034

6.871517772668032e-05
2.087619220292969e-05
5.311387981911979e-05
0.00024242520560650472
1.5988296525437796e-05
9.125504832947377e-05
0.0009818236675867764
0.0005258025749445804

6.760605884810448e-05
2.7050450158605176e-05
4.3549678824442864e-05
0.00023778373933802877
1.4446940456063874e-05
9.257388335631835e-05
0.0009921277104425125
0.0005248616074834272

6.524933758613401e-05
2.63603765865589e-05
6.060699771564035e-05
0.0002213745921240247
1.094400968076259e-05
8.952627048028495e-05
0.0010033608012951591
0.0005225772804289303

7.114746564818894e-05
2.7959976907118365e-05
6.174660378483675e-05
0.00023072696690438997
1.6676858789453306e-05
9.311684004737008e-05
0.0009675462385821627
0.0005310784968599706

7.555550798791355e-05
2.168486469939002e-05
4.434778146468805e-05
0.00021458193998576193
8.455981230119392e-06
9.055491429322273e-05
0.001034290181820719
0.0005105288627296879

7.967153946369433e-05
2.8509855052311e-05
5.695717623134913e-05
0.00022045862861538054
1.1099904233935785e-05
7.945692641732594e-05
0.0010341492375318504
0.0004896976333356734

7.235360308073958e-05
1.8161893241680818e-05
6.463882166770711e-05
0.00022913877938606278
1.3210276236891882e-05
8.701290321912597e-05
0.0009510935809612729
0.0005643893882880055

6.050816116962856e-05
2.2459706139161724e-05
4.299367672312558e-05
0.00021068618100046477
1.1473398395538168e-05
8.174380211187473e-05
0.001046809021485537
0.0005233258924521683

5.310931695302691e-05
2.8637510424909394e-05
5.4318740307644435e-05
0.00019952750269333267
1.5526039644028674e-05
9.271334915915713e-05
0.001042183952591395
0.0005139824209599843

6.443619338358266e-05
3.599298233462819e-05
5.465743830453854e-05
0.0002462040807734227
2.262192167846358e-05
7.538223386238661e-05
0.000985414277579862
0.0005152931963306646

5.895422664199861e-05
1.735608102527871e-05
5.300637868693164e-05
0.00020504071486155266
1.560649810966638e-05
8.198415411876704e-05
0.0010330852743901935
0.0005349668655771174

7.26544342968629e-05
2.31292735127906e-05
4.1128268045155655e-05
0.00023032635158623554
1.802796709495478e-05
9.033885376082487e-05
0.0010357318163640632
0.0004886630127486139

5.925196697405903e-05
1.6284710781471233e-05
5.4103394453261125e-05
0.0002449818053245436
1.930101673086739e-05
9.411291316564492e-05
0.0009797396372403563
0.0005322251534753105

7.446480921371264e-05
2.8604493510237344e-05
5.6806745334287146e-05
0.0002240816558111263
1.2200782298343884e-05
9.413981378819247e-05
0.0010098393664130288
0.0004998640194226075

7.325796902914772e-05
1.72377888388709e-05
5.163034153292275e-05
0.0002234113688994828
1.2998201642575157e-05
9.095112685128753e-05
0.0009573100970878088
0.0005732013980693717

8.045103557556079e-05
1.4467345496479217e-05
5.9208600167176305e-05
0.0002077313792763205
9.859169242680934e-06
0.0001021113261284506
0.001028020286975097
0.0004981517213897542

9.101340651055523e-05
2.6434362850064873e-05
4.5169961097423307e-05
0.00023517454098691918
2.0461836224495582e-05
7.648821099889849e-05
0.0009991409819552657
0.0005061166031038773

8.127060710224298e-05
2.4450565745685178e-05
5.919552440491015e-05
0.00022505743499898805
1.817218645189033e-05
9.634996624917957e-05
0.0009810306908166354
0.000514473258921975

6.175855250707995e-05
4.79458974239268e-05
0.0004126988524983824
8.471963017444698e-05
0.0009002914644072085
8.473609617478212e-05
0.0003882955016716583
1.9554904720035213e-05

4.8532325339863396e-05
1.6541258834693204e-05
5.262092512108582e-05
0.0002158047948426529
1.5637607870299618e-05
8.87729693289517e-05
0.000988361780917858
0.0005737304468861404

7.625527989015723e-05
2.3266265371579038e-05
3.8907667849955885e-05
0.00023317484394821586
1.2279325721942616e-05
9.492596113219429e-05
0.0010000034676828215
0.0005211878391206487

7.150854494353864e-05
2.0128205209704607e-05
5.43286288178457e-05
0.00022089975569635953
1.795398838344896e-05
7.767317138101806e-05
0.0010222441111755244
0.0005152627414400447

7.065115824008674e-05
2.8009658498129623e-05
5.897414424840403e-05
0.00025622634329742344
2.0189245978947076e-05
7.143897748612259e-05
0.0010092425699208811
0.0004852661820454723

6.383450473133545e-05
2.3289999962062145e-05
5.1003070766154803e-05
0.00022855425745416498
1.1093051475796299e-05
0.00010610566260775434
0.0009985530083752977
0.0005175676690629611

8.553413614902605e-05
1.8308177030658384e-05
5.6403657860082404e-05
0.0002313918044719226
1.5738218848347526e-05
7.013561281959296e-05
0.0010329127914266826
0.0004895749251651757

6.27954285501853e-05
2.0181610828791663e-05
5.376248514432199e-05
0.0002573213417357118
1.4269348468449034e-05
0.00010112763905042791
0.0009550421771216456
0.0005354986669499421

6.548725394097676e-05
2.2021869426249668e-05
5.232095019297991e-05
0.00022320152552121147
1.9597644640905173e-05
8.659374224459404e-05
0.0010183471849202032
0.0005124282963823503

6.560818565743827e-05
2.305019251918093e-05
6.610248134549954e-05
0.00020731648741987552
8.736305105825315e-06
9.612095701451815e-05
0.0010018795972750098
0.0005311856857101523

6.29975921643003e-05
2.3087567197941678e-05
5.114881384112137e-05
0.00021853322049818926
1.860752025075144e-05
9.759980728461977e-05
0.001006091004576732
0.0005219354556238663

8.109331173863418e-05
1.9845499941950208e-05
5.994660998819832e-05
0.00021086797716416515
1.1023749352385674e-05
8.390492436586384e-05
0.000986925412010621
0.0005463929573696926

6.833461006293397e-05
2.0080080408725035e-05
5.349197261681578e-05
0.0002328034953966572
1.9490882318732055e-05
7.953268606886803e-05
0.0010193435638864844
0.000506919787726226

8.781402498743262e-05
2.9710444452748702e-05
5.3790033112882734e-05
0.0002170469364999364
1.0019900125952571e-05
9.594039883484293e-05
0.0009686956085195578
0.0005369837274181701

6.634486072843312e-05
1.80830755060765e-05
6.225015112508632e-05
0.00019720958840615206
1.4147638759971664e-05
8.481515524839137e-05
0.0010052287328791807
0.0005519201147561964

7.521536418899e-05
2.8800480588226606e-05
5.165990922952459e-05
0.0002394015578409591
1.1972543525698141e-05
0.00010508545270698823
0.0009941487226856496
0.0004937178676515042

6.357536265606069e-05
1.3463420692044573e-05
6.585981965256023e-05
0.00022088513297806187
1.1865085299510855e-05
0.0001009361456565301
0.0009798516255626359
0.0005435636929221035

7.696298534456241e-05
1.7396347746098326e-05
4.393655907231771e-05
0.00023185598936737093
1.2831059079173013e-05
8.121901030119273e-05
0.00102787403539412
0.0005079251679566903

6.0634853556207345e-05
2.7039751800387416e-05
4.806426203633608e-05
0.00024530530004112825
1.7739745161088094e-05
9.118243673799578e-05
0.0009804984833258023
0.0005295337068285267

6.0754706598646925e-05
2.9554154043567448e-05
4.78518057740116e-05
0.00023519923115542177
1.4713329181486151e-05
8.011284139267695e-05
0.001016047953809403
0.0005157663778662962

7.406015075547591e-05
1.7874489101830775e-05
4.19138113031452e-05
0.00023019741397361105
2.0109750561328966e-05
7.642564427762494e-05
0.0009795100811876838
0.000559908446294797

7.178639551119421e-05
1.766297751152551e-05
4.778995377275261e-05
0.00024441934942509493
9.372995718784996e-06
7.924180661294723e-05
0.0010133014174974983
0.0005164247251436967

7.20040545936246e-05
2.82958266259545e-05
4.127811597820578e-05
0.00019620351788167373
1.6525983938382287e-05
8.844797585033652e-05
0.0009784102651632974
0.0005788320611339824

7.656175960839555e-05
2.3525408350853825e-05
5.454772491830535e-05
0.00021903462917039534
1.038038790929021e-05
7.837711663734668e-05
0.0010499744085719677
0.00048759986016697375

6.152049924423443e-05
1.1171537515393864e-05
5.5313376743890015e-05
0.00022372832559593438
1.566556233686862e-05
8.939006930751259e-05
0.0009582983123779234
0.0005849141496037818

7.116859153661896e-05
1.483434255994935e-05
5.478645927716473e-05
0.00024270659726823235
2.0130612961753615e-05
9.276330688017402e-05
0.0009562781366168032
0.0005473300049407658

7.495804957575242e-05
1.1426789370589453e-05
6.490228164906977e-05
0.00023503602574609974
1.621080212996684e-05
7.533952867151735e-05
0.0009946705170462706
0.0005274569447862548

5.932221355948887e-05
1.8984041044415428e-05
4.6560093115719096e-05
0.00023463990557603685
1.581460017990225e-05
8.036040663571606e-05
0.0009986943323781743
0.0005456238402980373

7.14268822538764e-05
1.8267632453833113e-05
5.926504896832531e-05
0.00023068485197753273
9.085789786938989e-06
8.796999194260727e-05
0.0010069990583552151
0.0005163007449591732

7.780644782573088e-05
2.2967817605504206e-05
7.379944280016928e-05
0.00022033912193294796
1.2816965878886148e-05
8.652300983315434e-05
0.0009901481566042191
0.0005155977947368648

7.601178634920099e-05
1.9821600021463734e-05
4.698951775645993e-05
0.00022015992265930038
7.376265950142057e-06
8.48926029779678e-05
0.0010044263582448484
0.0005403237958801563

7.551819451515404e-05
2.344478627721279e-05
5.5655824110860433e-05
0.000247702416291921
2.1558431096816494e-05
7.839374624368517e-05
0.0009849145660656906
0.0005128130623501822

0.00015790739155216563
0.00012135102842206995
5.967476166466492e-05
9.337076314853863e-05
6.049772539941613e-05
0.00033281051314227515
0.0003998916189576944
0.000774497171462697

9.175642759567924e-05
2.123942984032331e-05
5.295299438984501e-05
0.0002013090883395964
1.7315488770452466e-05
7.237719005121968e-05
0.0009979482546349882
0.000545099563033366

6.906186265573701e-05
2.7305975987806344e-05
6.34748462920147e-05
0.00022371227175560756
1.2352147739424894e-05
7.593850244370931e-05
0.0010187839329150936
0.0005093715161601304

6.618540813918749e-05
2.368271473005576e-05
5.4873220316930736e-05
0.00024181840172215333
1.6058112376858877e-05
9.006871657132632e-05
0.000979232970084043
0.0005280795449569275

8.039568970843425e-05
1.9849086172023204e-05
5.419751448117692e-05
0.00023631850490820437
2.2670870509459917e-05
0.00010825018601140558
0.0009781137284612614
0.0005002060313995691

7.628183797069782e-05
2.033821834197937e-05
5.644665715695766e-05
0.00020593437064174279
2.2466064849291154e-05
9.396286092059063e-05
0.0010018880905451827
0.0005226836079510947

7.21141470058655e-05
3.226257281869664e-05
4.2671137846560384e-05
0.0001937419241055686
1.943287876355141e-05
7.986405942561305e-05
0.0009907026828535064
0.0005692103680981352

7.60484415559471e-05
2.4876097858346776e-05
4.6217729452750375e-05
0.00021814069756819957
1.3152473939715332e-05
7.89888172557977e-05
0.0010045964462483104
0.0005379790592784299

6.0309340829581614e-05
1.6037330744435877e-05
6.183237905858267e-05
0.0002131405151404221
1.9351346843891842e-05
8.876032891869439e-05
0.0010187582392645702
0.0005218108156633292

8.732689330551717e-05
1.704264178889873e-05
5.6677385715654064e-05
0.0002564927116708453
1.047483401321264e-05
9.39819360649789e-05
0.0009823478244834452
0.0004956554887469441

8.551676566267246e-05
2.1780767341342097e-05
5.6633625504763346e-05
0.00022841770605738554
1.9588142848711768e-05
0.00010459914909108965
0.0009882240016370533
0.0004952413865305151

7.811839750208053e-05
2.5486950056780523e-05
5.932014688944683e-05
0.0002160124472948796
1.3811220281123947e-05
8.656627799403504e-05
0.001014443456698744
0.000506241366946417

6.538885304297381e-05
2.1681949241330682e-05
4.645578824359599e-05
0.00022718383893627047
1.7023815546515523e-05
8.617974487616725e-05
0.0009921305277165698
0.0005439537154640425

6.857585919584454e-05
2.003201320774664e-05
6.0776320605086874e-05
0.00022754933068171
2.0413718097516145e-05
7.983688485705991e-05
0.0010340370642475671
0.0004887776968469483

7.089947136514108e-05
1.4888822225058268e-05
4.833873343392288e-05
0.0002467854460812563
1.403482608567539e-05
9.471257837785095e-05
0.000943226421361139
0.0005671125115434338

7.867275271336429e-05
2.525493328205788e-05
6.0908877527785036e-05
0.00023591718360403552
8.45442075008763e-06
9.213035864329051e-05
0.0009738887770152636
0.000524773499019634

7.030425167302553e-05
1.5685393281272274e-05
4.147891313229295e-05
0.00023973796656180662
2.0727702039907216e-05
8.809503304315247e-05
0.0010108884504083826
0.0005130824844456662

6.4793521480856e-05
1.676390395922509e-05
5.467463231288852e-05
0.00020786804931910237
1.2851892749597075e-05
9.513958398654253e-05
0.0010208490479791282
0.0005270585091301447

9.017740239753858e-05
1.5991157773496036e-05
6.587215991881142e-05
0.0002276721262662094
1.6970715257434683e-05
8.701957797126185e-05
0.0009807029459639642
0.0005155937328327819

7.20473222685053e-05
2.3097452920142904e-05
4.863269692790643e-05
0.00022573018482668168
9.223808029748315e-06
9.807489226829001e-05
0.0009745113265739354
0.0005486826075202978

7.647178475656413e-05
1.0103311455650388e-05
5.041074631409818e-05
0.00022759520647464376
1.2190162330127718e-05
8.210000499912517e-05
0.0009757989318701441
0.0005653289759951305

7.262165531019571e-05
2.539762195896227e-05
4.0184991825955506e-05
0.000209701950766431
1.7683658281946463e-05
7.478855627430244e-05
0.0010092851923917485
0.0005503368896519703

6.549304453309461e-05
2.2443177704825293e-05
5.748423362007725e-05
0.0002409901476572944
2.2689612749841415e-05
8.91509110966446e-05
0.0009518302152862669
0.0005499173176434299

5.716189212551607e-05
1.7000942754049956e-05
5.144669749718472e-05
0.00023709049365791795
1.3804240762981883e-05
9.760157454865574e-05
0.0010034344652246586
0.0005224607415325582

7.513316161131679e-05
2.009691753706775e-05
4.833002778574569e-05
0.0002441760988121437
1.6738278918703497e-05
9.031165184027117e-05
0.001009972959309748
0.0004952413865305151

5.8634632651493335e-05
2.2868477987482174e-05
7.243959992449002e-05
0.0002390667682581445
1.7681401609900527e-05
9.368129456485943e-05
0.0009794960847373988
0.0005161320745137398

8.6336747557363e-05
1.639317278367895e-05
4.846256277844339e-05
0.00023873359490936288
1.8049620369395526e-05
9.120720685649997e-05
0.0009764360660271128
0.0005243801747236279

6.640971591975323e-05
1.4576074096692358e-05
6.579813566130465e-05
0.0002290426608621063
1.574780077054256e-05
8.41164348341691e-05
0.0009843616623084364
0.0005399496255525403

6.432925935940606e-05
2.339500852619957e-05
6.053042715408178e-05
0.00023094983241292634
9.185003834958463e-06
9.743287303122186e-05
0.0010027432639625896
0.0005114346488601251

6.860326709440242e-05
1.5608971615716733e-05
4.170560889890728e-05
0.00022813121603555404
9.531938786020239e-06
8.843704084811395e-05
0.0010391831490103142
0.0005087983791564643

6.599344634328017e-05
1.3181034516296677e-05
4.2033182537574956e-05
0.0002174754054586577
1.0536003336457726e-05
8.617891455415033e-05
0.001035228137303811
0.0005293752357433011

6.546264678047587e-05
1.7671624361701514e-05
6.314818424736556e-05
0.0002060601767723036
2.1160359630713847e-05
0.00011531427066919326
0.0009939795214822056
0.0005172014640955069

6.576404045061066e-05
1.2237675707094842e-05
4.803264254569248e-05
0.00023751210903449988
1.4718475891590912e-05
9.62332340088035e-05
0.001002867889213126
0.0005226345323660957

8.084542347758847e-05
2.8595405240052354e-05
4.88943984672333e-05
0.0002399208061015283
1.7071824547492736e-05
8.400162867183224e-05
0.0009759581959153862
0.0005247120323783826

7.967952322385685e-05
1.735980746535456e-05
6.511574501341477e-05
0.00026079364735838976
2.2635536910740713e-05
7.974740133523849e-05
0.0009767099858326886
0.0004979580991038131

6.877598859991812e-05
3.252933284012647e-05
5.155774377744504e-05
0.0002208067102944656
1.0871636189289447e-05
0.00010267155704185396
0.0009705003533562929
0.000542288233488142

6.422456450927502e-05
1.8772244230104354e-05
4.985850521485746e-05
0.0002102346273272735
3.4388580957971e-05
8.293442813810964e-05
0.0010327920619202253
0.0005067949403076849

6.425539043590248e-05
2.02415252200112e-05
5.0777197521557214e-05
0.00024759685003977223
1.1410166280251095e-05
7.840087375783027e-05
0.0009625115457436827
0.0005648080672745276

6.750019926194974e-05
1.9096833700711292e-05
6.817278263764002e-05
0.0002356397567983886
1.2738314757285225e-05
8.231004105340039e-05
0.000996996280165611
0.0005175473209425468

7.133468977999985e-05
2.3171878559657817e-05
6.29961723402714e-05
0.00020214752859666263
1.02053471857273e-05
0.00010534142014619838
0.0010087453742607612
0.0005160589248162509

5.1524995146778455e-05
2.0048029208072642e-05
5.5216298421914e-05
0.0002260810570518236
1.2159265815498829e-05
8.723998840774825e-05
0.0009999780119563035
0.0005477527755973714

5.972382848766365e-05
2.3684891140100062e-05
5.5332669574282715e-05
0.0002460805938909092
1.8160368569649778e-05
8.107156610019153e-05
0.0009749441575727457
0.0005410038702199989

7.870210888396183e-05
7.447369119589344e-06
5.2811201082958843e-05
0.0002139626571551566
1.0847172270791492e-05
8.699705170880333e-05
0.0010643901282433958
0.00048484068795681147

7.820458968983495e-05
1.838940101631168e-05
5.758192725406578e-05
0.00022698166353215526
1.4728772011800487e-05
9.060343577221038e-05
0.00100803246748025
0.0005054789379368978

7.652263360759915e-05
1.8943533043590903e-05
5.0445044738796336e-05
0.000253536089210664
1.0751645018847056e-05
8.892303757200627e-05
0.0009746146387900383
0.0005262620894499337

7.974181028112469e-05
2.5245944321874907e-05
4.557542879967651e-05
0.0002336804622785076
1.8382114174163357e-05
0.00010411123541715827
0.0009673820985728216
0.000525880514162167

7.751244548974653e-05
0.00012261845539386813
0.00024532211079347045
0.00015112572861412655
0.0002512327486657801
0.0005492819708684978
1.7418738306554085e-05
0.0005854896948794968

6.526884632853111e-05
2.362138113880733e-05
5.5283446253280774e-05
0.0002382294386491009
1.631721158213278e-05
8.396802170914817e-05
0.0009863887986456983
0.0005309218556887823

7.551197649902747e-05
1.88381817914465e-05
5.349720608892231e-05
0.00022789756257679815
1.011155783781824e-05
8.273579944606658e-05
0.0009656052708546549
0.0005658033179667857

6.962344789916794e-05
6.5812571259598495e-06
1.778422596999349e-05
7.213085803020564e-05
2.1424914438098797e-05
0.0007403814460482799
0.0004416383437814385
0.0006304342515603322

8.389345466963036e-05
3.186398721658352e-05
4.2956736924373676e-05
0.00021235644932246262
7.286900790323051e-06
7.84349319085235e-05
0.0009991805633160716
0.000544028816073571

7.142234680578408e-05
2.392009457488757e-05
4.897448550886347e-05
0.00023852219878305994
1.1699604750142539e-05
9.604380459694773e-05
0.001017308500707061
0.0004921093890587641

6.258226817184647e-05
2.6149558582267754e-05
5.932634700757302e-05
0.00020062438776565942
1.1059116867105569e-05
0.00010285924601567434
0.0009727781739126576
0.0005646188986606771

6.517349797459034e-05
2.6802144883550986e-05
4.6918422747012805e-05
0.00023539131003933147
1.9657876162131177e-05
9.891106800531017e-05
0.0009713587530697657
0.0005357864050177989

7.473055472312183e-05
1.5378371001022913e-05
5.8490893528567573e-05
0.00022678092506606926
2.154680448857984e-05
9.032185208047881e-05
0.0009933564212515225
0.0005193965610441877

8.994228202275275e-05
3.925770201708075e-05
4.742152954325343e-05
0.00021663205440149155
1.5573301444990675e-05
0.00010650774181593857
0.0009752681455793404
0.0005093977590266646

6.365098051359987e-05
1.4033820863654926e-05
5.5300073303619206e-05
0.00023010243041167767
8.767793220466249e-06
8.074090919546108e-05
0.0010246305021440988
0.0005227735858409263

7.549176971461618e-05
2.1382706837239672e-05
6.981388853304432e-05
0.0002472591892328992
1.5753480322658166e-05
9.205739957180544e-05
0.0009540722187879024
0.0005241671856312924

0.00017070207987659832
8.737370617047003e-05
0.00040624656599704765
0.00015095644565068085
0.0006326595221256271
0.00014719978669421502
0.00040039258712789146
4.470607772998109e-06

8.151187798115398e-05
2.575905281231911e-05
5.0730681482610385e-05
0.0002390667682581445
1.5149138356356938e-05
9.202736600119412e-05
0.0009686065288377445
0.0005271488627799839

7.357371429957463e-05
2.8925897876779445e-05
5.969963809717127e-05
0.00024124569863849613
1.5504900923598398e-05
0.00010896792766601502
0.0009606948416367042
0.0005113881268971779

7.938518741586572e-05
2.3631380481010865e-05
5.580806518595927e-05
0.0002300101794337999
1.6096845065647274e-05
8.718151908655811e-05
0.0010045425834892142
0.0005033435813674333

7.777647038512069e-05
2.5786297132873654e-05
5.345730733011018e-05
0.00019858736780419638
1.5486240365218567e-05
8.694116580166577e-05
0.0010187924975372676
0.0005231724446990449

9.22308319273356e-05
3.4862258167612586e-05
6.327450146793672e-06
3.524087784531929e-05
1.9299052040827396e-05
0.0005033395680233516
0.00048106279699191337
0.0008276363455843317

